Dependency=Geometry Attic Type	Dependency=Location Region	Dependency=Vintage	Option=None	Option=Uninsulated	Option=R-7	Option=R-13	Option=R-19	Option=R-30	Option=R-38	Option=R-49	sampling_probability
Vented Attic	CR02	<1940	0	0	0.04	0.14	0.16	0.28	0.13	0.26	0.00495748
Vented Attic	CR02	1940s	0	0	0.04	0.14	0.16	0.28	0.13	0.26	0.0013125
Vented Attic	CR02	1950s	0	0	0.03	0.08	0.14	0.23	0.15	0.36	0.00275414
Vented Attic	CR02	1960s	0	0	0.01	0.04	0.16	0.36	0.09	0.34	0.00214242
Vented Attic	CR02	1970s	0	0	0.01	0.07	0.12	0.22	0.19	0.39	0.00286083
Vented Attic	CR02	1980s	0	0	0	0.01	0.08	0.27	0.4	0.23	0.0021561
Vented Attic	CR02	1990s	0	0	0	0	0.01	0.2	0.26	0.54	0.00282871
Vented Attic	CR02	2000s	0	0	0	0	0.01	0.21	0.25	0.53	0.00288716
Vented Attic	CR02	2010s	0	0	0	0	0.01	0.21	0.25	0.53	0.000943921
Vented Attic	CR03	<1940	0	0.04	0.14	0.16	0.28	0.13	0.22	0.04	0.00420189
Vented Attic	CR03	1940s	0	0.04	0.14	0.16	0.28	0.13	0.22	0.04	0.00101933
Vented Attic	CR03	1950s	0	0.03	0.08	0.14	0.23	0.15	0.28	0.08	0.00241206
Vented Attic	CR03	1960s	0	0.01	0.04	0.16	0.36	0.09	0.26	0.08	0.00242285
Vented Attic	CR03	1970s	0	0.01	0.07	0.12	0.22	0.19	0.31	0.08	0.00247997
Vented Attic	CR03	1980s	0	0	0.01	0.08	0.27	0.4	0.22	0.02	0.00222216
Vented Attic	CR03	1990s	0	0	0	0	0.02	0.57	0.39	0.03	0.00172194
Vented Attic	CR03	2000s	0	0	0	0	0.05	0.54	0.32	0.1	0.00162425
Vented Attic	CR03	2010s	0	0	0	0	0.05	0.54	0.32	0.1	0.000422084
Vented Attic	CR04	<1940	0	0.04	0.14	0.16	0.28	0.13	0.22	0.04	0.0117433
Vented Attic	CR04	1940s	0	0.04	0.14	0.16	0.28	0.13	0.22	0.04	0.00436968
Vented Attic	CR04	1950s	0	0.03	0.08	0.14	0.23	0.15	0.28	0.08	0.00951201
Vented Attic	CR04	1960s	0	0.01	0.04	0.16	0.36	0.09	0.26	0.08	0.00719554
Vented Attic	CR04	1970s	0	0.01	0.07	0.12	0.22	0.19	0.31	0.08	0.00753794
Vented Attic	CR04	1980s	0	0	0.01	0.08	0.27	0.4	0.22	0.02	0.00445077
Vented Attic	CR04	1990s	0	0	0	0	0.02	0.48	0.33	0.17	0.00681054
Vented Attic	CR04	2000s	0	0	0	0	0.02	0.34	0.33	0.31	0.005737
Vented Attic	CR04	2010s	0	0	0	0	0.02	0.34	0.33	0.31	0.00151023
Vented Attic	CR05	<1940	0	0.04	0.14	0.16	0.28	0.13	0.22	0.04	0.00126344
Vented Attic	CR05	1940s	0	0.04	0.14	0.16	0.28	0.13	0.22	0.04	0.000501218
Vented Attic	CR05	1950s	0	0.03	0.08	0.14	0.23	0.15	0.28	0.08	0.00111682
Vented Attic	CR05	1960s	0	0.01	0.04	0.16	0.36	0.09	0.26	0.08	0.00082583
Vented Attic	CR05	1970s	0	0.01	0.07	0.12	0.22	0.19	0.31	0.08	0.00165627
Vented Attic	CR05	1980s	0	0	0.01	0.08	0.27	0.4	0.22	0.02	0.00154461
Vented Attic	CR05	1990s	0	0	0	0	0	0.53	0.44	0.03	0.00220936
Vented Attic	CR05	2000s	0	0	0	0	0.06	0.21	0.5	0.24	0.00280037
Vented Attic	CR05	2010s	0	0	0	0	0.06	0.21	0.5	0.24	0.000938482
Vented Attic	CR06	<1940	0	0.04	0.14	0.16	0.28	0.13	0.22	0.04	0.00149807
Vented Attic	CR06	1940s	0	0.04	0.14	0.16	0.28	0.13	0.22	0.04	0.000757294
Vented Attic	CR06	1950s	0	0.03	0.08	0.14	0.23	0.15	0.28	0.08	0.00115409
Vented Attic	CR06	1960s	0	0.01	0.04	0.16	0.36	0.09	0.26	0.08	0.00103746
Vented Attic	CR06	1970s	0	0.01	0.07	0.12	0.22	0.19	0.31	0.08	0.00163683
Vented Attic	CR06	1980s	0	0	0.01	0.08	0.27	0.4	0.22	0.02	0.00119828
Vented Attic	CR06	1990s	0	0	0.01	0	0.16	0.14	0.58	0.12	0.0018268
Vented Attic	CR06	2000s	0	0	0	0	0.01	0.14	0.65	0.21	0.00200161
Vented Attic	CR06	2010s	0	0	0	0	0.01	0.14	0.65	0.21	0.000582076
Vented Attic	CR07	<1940	0	0.04	0.14	0.16	0.28	0.13	0.22	0.04	0.0103195
Vented Attic	CR07	1940s	0	0.04	0.14	0.16	0.28	0.13	0.22	0.04	0.00320515
Vented Attic	CR07	1950s	0	0.03	0.08	0.14	0.23	0.15	0.28	0.08	0.00706703
Vented Attic	CR07	1960s	0	0.01	0.04	0.16	0.36	0.09	0.26	0.08	0.00473518
Vented Attic	CR07	1970s	0	0.01	0.07	0.12	0.22	0.19	0.31	0.08	0.00429514
Vented Attic	CR07	1980s	0	0	0.01	0.08	0.27	0.4	0.22	0.02	0.00340981
Vented Attic	CR07	1990s	0	0	0	0	0.12	0.6	0.22	0.05	0.00315294
Vented Attic	CR07	2000s	0	0	0	0	0.07	0.52	0.31	0.1	0.00394231
Vented Attic	CR07	2010s	0	0	0	0	0.07	0.52	0.31	0.1	0.00108258
Vented Attic	CR08	<1940	0	0.04	0.14	0.16	0.28	0.13	0.22	0.04	0.00665287
Vented Attic	CR08	1940s	0	0.04	0.14	0.16	0.28	0.13	0.22	0.04	0.00299776
Vented Attic	CR08	1950s	0	0.03	0.08	0.14	0.23	0.15	0.28	0.08	0.00606107
Vented Attic	CR08	1960s	0	0.01	0.04	0.16	0.36	0.09	0.26	0.08	0.00608846
Vented Attic	CR08	1970s	0	0.01	0.07	0.12	0.22	0.19	0.31	0.08	0.00761205
Vented Attic	CR08	1980s	0	0	0.01	0.08	0.27	0.4	0.22	0.02	0.00735401
Vented Attic	CR08	1990s	0	0	0	0	0.09	0.66	0.18	0.06	0.00818886
Vented Attic	CR08	2000s	0	0	0	0	0.05	0.57	0.34	0.04	0.00826636
Vented Attic	CR08	2010s	0	0	0	0	0.05	0.57	0.34	0.04	0.00264129
Vented Attic	CR09	<1940	0	0.18	0.16	0.28	0.13	0.22	0.04	0	0.00575429
Vented Attic	CR09	1940s	0	0.18	0.16	0.28	0.13	0.22	0.04	0	0.00431458
Vented Attic	CR09	1950s	0	0.11	0.14	0.23	0.15	0.28	0.08	0	0.0103842
Vented Attic	CR09	1960s	0	0.04	0.16	0.36	0.09	0.26	0.08	0	0.0138153
Vented Attic	CR09	1970s	0	0.08	0.12	0.22	0.19	0.31	0.08	0	0.0188996
Vented Attic	CR09	1980s	0	0.01	0.08	0.27	0.4	0.22	0.02	0	0.0190905
Vented Attic	CR09	1990s	0	0	0	0	0.27	0.64	0.08	0.01	0.0198513
Vented Attic	CR09	2000s	0	0	0	0	0.13	0.7	0.16	0.01	0.026563
Vented Attic	CR09	2010s	0	0	0	0	0.13	0.7	0.16	0.01	0.00973482
Vented Attic	CR10	<1940	0	0.18	0.16	0.28	0.13	0.22	0.04	0	0.000230029
Vented Attic	CR10	1940s	0	0.18	0.16	0.28	0.13	0.22	0.04	0	0.000233912
Vented Attic	CR10	1950s	0	0.11	0.14	0.23	0.15	0.28	0.08	0	0.000679176
Vented Attic	CR10	1960s	0	0.04	0.16	0.36	0.09	0.26	0.08	0	0.000666558
Vented Attic	CR10	1970s	0	0.08	0.12	0.22	0.19	0.31	0.08	0	0.00122455
Vented Attic	CR10	1980s	0	0.01	0.08	0.27	0.4	0.22	0.02	0	0.00143594
Vented Attic	CR10	1990s	0	0	0	0	0.18	0.54	0.28	0	0.002111
Vented Attic	CR10	2000s	0	0	0	0	0.01	0.62	0.34	0.03	0.00363693
Vented Attic	CR10	2010s	0	0	0	0	0.01	0.62	0.34	0.03	0.000729103
Vented Attic	CR11	<1940	0	0.18	0.16	0.28	0.13	0.22	0.04	0	0.00298677
Vented Attic	CR11	1940s	0	0.18	0.16	0.28	0.13	0.22	0.04	0	0.00237526
Vented Attic	CR11	1950s	0	0.11	0.14	0.23	0.15	0.28	0.08	0	0.0055797
Vented Attic	CR11	1960s	0	0.04	0.16	0.36	0.09	0.26	0.08	0	0.00397033
Vented Attic	CR11	1970s	0	0.08	0.12	0.22	0.19	0.31	0.08	0	0.00441864
Vented Attic	CR11	1980s	0	0.01	0.08	0.27	0.4	0.22	0.02	0	0.00447416
Vented Attic	CR11	1990s	0	0	0	0	0.17	0.71	0.12	0.01	0.00363552
Vented Attic	CR11	2000s	0	0	0	0	0.11	0.58	0.28	0.04	0.00437037
Vented Attic	CR11	2010s	0	0	0	0	0.11	0.58	0.28	0.04	0.000821879
Unvented Attic	CR02	<1940	0	0	0.04	0.14	0.16	0.28	0.13	0.26	0.000510557
Unvented Attic	CR02	1940s	0	0	0.04	0.14	0.16	0.28	0.13	0.26	0.000107393
Unvented Attic	CR02	1950s	0	0	0.03	0.08	0.14	0.23	0.15	0.36	0.000224784
Unvented Attic	CR02	1960s	0	0	0.01	0.04	0.16	0.36	0.09	0.34	0.000130259
Unvented Attic	CR02	1970s	0	0	0.01	0.07	0.12	0.22	0.19	0.39	0.000171986
Unvented Attic	CR02	1980s	0	0	0	0.01	0.08	0.27	0.4	0.23	7.6836e-05
Unvented Attic	CR02	1990s	0	0	0	0	0.01	0.2	0.26	0.54	0.000105775
Unvented Attic	CR02	2000s	0	0	0	0	0.01	0.21	0.25	0.53	0.000154162
Unvented Attic	CR02	2010s	0	0	0	0	0.01	0.21	0.25	0.53	3.25242e-05
Unvented Attic	CR03	<1940	0	0.04	0.14	0.16	0.28	0.13	0.22	0.04	0.000531412
Unvented Attic	CR03	1940s	0	0.04	0.14	0.16	0.28	0.13	0.22	0.04	9.1565e-05
Unvented Attic	CR03	1950s	0	0.03	0.08	0.14	0.23	0.15	0.28	0.08	0.000216418
Unvented Attic	CR03	1960s	0	0.01	0.04	0.16	0.36	0.09	0.26	0.08	5.68984e-05
Unvented Attic	CR03	1970s	0	0.01	0.07	0.12	0.22	0.19	0.31	0.08	6.19109e-05
Unvented Attic	CR03	1980s	0	0	0.01	0.08	0.27	0.4	0.22	0.02	9.40338e-05
Unvented Attic	CR03	1990s	0	0	0	0	0.02	0.57	0.39	0.03	7.19117e-05
Unvented Attic	CR03	2000s	0	0	0	0	0.05	0.54	0.32	0.1	0.000117431
Unvented Attic	CR03	2010s	0	0	0	0	0.05	0.54	0.32	0.1	4.0364e-05
Unvented Attic	CR04	<1940	0	0.04	0.14	0.16	0.28	0.13	0.22	0.04	0.00109846
Unvented Attic	CR04	1940s	0	0.04	0.14	0.16	0.28	0.13	0.22	0.04	0.000386184
Unvented Attic	CR04	1950s	0	0.03	0.08	0.14	0.23	0.15	0.28	0.08	0.000828557
Unvented Attic	CR04	1960s	0	0.01	0.04	0.16	0.36	0.09	0.26	0.08	0.00043883
Unvented Attic	CR04	1970s	0	0.01	0.07	0.12	0.22	0.19	0.31	0.08	0.000462355
Unvented Attic	CR04	1980s	0	0	0.01	0.08	0.27	0.4	0.22	0.02	0.0002698
Unvented Attic	CR04	1990s	0	0	0	0	0.02	0.48	0.33	0.17	0.000412334
Unvented Attic	CR04	2000s	0	0	0	0	0.02	0.34	0.33	0.31	0.000376302
Unvented Attic	CR04	2010s	0	0	0	0	0.02	0.34	0.33	0.31	4.17711e-05
Unvented Attic	CR05	<1940	0	0.04	0.14	0.16	0.28	0.13	0.22	0.04	6.70326e-05
Unvented Attic	CR05	1940s	0	0.04	0.14	0.16	0.28	0.13	0.22	0.04	7.06298e-06
Unvented Attic	CR05	1950s	0	0.03	0.08	0.14	0.23	0.15	0.28	0.08	1.56629e-05
Unvented Attic	CR05	1960s	0	0.01	0.04	0.16	0.36	0.09	0.26	0.08	3.65482e-05
Unvented Attic	CR05	1970s	0	0.01	0.07	0.12	0.22	0.19	0.31	0.08	7.69165e-05
Unvented Attic	CR05	1980s	0	0	0.01	0.08	0.27	0.4	0.22	0.02	4.70159e-05
Unvented Attic	CR05	1990s	0	0	0	0	0	0.53	0.44	0.03	6.97605e-05
Unvented Attic	CR05	2000s	0	0	0	0	0.06	0.21	0.5	0.24	0.00013043
Unvented Attic	CR05	2010s	0	0	0	0	0.06	0.21	0.5	0.24	4.48066e-05
Unvented Attic	CR06	<1940	0	0.04	0.14	0.16	0.28	0.13	0.22	0.04	0.000137846
Unvented Attic	CR06	1940s	0	0.04	0.14	0.16	0.28	0.13	0.22	0.04	5.79046e-05
Unvented Attic	CR06	1950s	0	0.03	0.08	0.14	0.23	0.15	0.28	0.08	8.83632e-05
Unvented Attic	CR06	1960s	0	0.01	0.04	0.16	0.36	0.09	0.26	0.08	6.87382e-05
Unvented Attic	CR06	1970s	0	0.01	0.07	0.12	0.22	0.19	0.31	0.08	0.000111185
Unvented Attic	CR06	1980s	0	0	0.01	0.08	0.27	0.4	0.22	0.02	0.000111229
Unvented Attic	CR06	1990s	0	0	0.01	0	0.16	0.14	0.58	0.12	0.00016985
Unvented Attic	CR06	2000s	0	0	0	0	0.01	0.14	0.65	0.21	8.2823e-05
Unvented Attic	CR06	2010s	0	0	0	0	0.01	0.14	0.65	0.21	9.74136e-05
Unvented Attic	CR07	<1940	0	0.04	0.14	0.16	0.28	0.13	0.22	0.04	0.00149836
Unvented Attic	CR07	1940s	0	0.04	0.14	0.16	0.28	0.13	0.22	0.04	0.000317818
Unvented Attic	CR07	1950s	0	0.03	0.08	0.14	0.23	0.15	0.28	0.08	0.000732859
Unvented Attic	CR07	1960s	0	0.01	0.04	0.16	0.36	0.09	0.26	0.08	0.000332482
Unvented Attic	CR07	1970s	0	0.01	0.07	0.12	0.22	0.19	0.31	0.08	0.000306125
Unvented Attic	CR07	1980s	0	0	0.01	0.08	0.27	0.4	0.22	0.02	0.000187702
Unvented Attic	CR07	1990s	0	0	0	0	0.12	0.6	0.22	0.05	0.000174649
Unvented Attic	CR07	2000s	0	0	0	0	0.07	0.52	0.31	0.1	9.80091e-05
Unvented Attic	CR07	2010s	0	0	0	0	0.07	0.52	0.31	0.1	8.34269e-05
Unvented Attic	CR08	<1940	0	0.04	0.14	0.16	0.28	0.13	0.22	0.04	0.000795433
Unvented Attic	CR08	1940s	0	0.04	0.14	0.16	0.28	0.13	0.22	0.04	0.000375526
Unvented Attic	CR08	1950s	0	0.03	0.08	0.14	0.23	0.15	0.28	0.08	0.00074973
Unvented Attic	CR08	1960s	0	0.01	0.04	0.16	0.36	0.09	0.26	0.08	0.000382472
Unvented Attic	CR08	1970s	0	0.01	0.07	0.12	0.22	0.19	0.31	0.08	0.000468931
Unvented Attic	CR08	1980s	0	0	0.01	0.08	0.27	0.4	0.22	0.02	0.000558021
Unvented Attic	CR08	1990s	0	0	0	0	0.09	0.66	0.18	0.06	0.000608574
Unvented Attic	CR08	2000s	0	0	0	0	0.05	0.57	0.34	0.04	0.000641596
Unvented Attic	CR08	2010s	0	0	0	0	0.05	0.57	0.34	0.04	0.000274514
Unvented Attic	CR09	<1940	0	0.18	0.16	0.28	0.13	0.22	0.04	0	0.000740493
Unvented Attic	CR09	1940s	0	0.18	0.16	0.28	0.13	0.22	0.04	0	0.000540891
Unvented Attic	CR09	1950s	0	0.11	0.14	0.23	0.15	0.28	0.08	0	0.00131403
Unvented Attic	CR09	1960s	0	0.04	0.16	0.36	0.09	0.26	0.08	0	0.000992065
Unvented Attic	CR09	1970s	0	0.08	0.12	0.22	0.19	0.31	0.08	0	0.00136758
Unvented Attic	CR09	1980s	0	0.01	0.08	0.27	0.4	0.22	0.02	0	0.00202057
Unvented Attic	CR09	1990s	0	0	0	0	0.27	0.64	0.08	0.01	0.00198205
Unvented Attic	CR09	2000s	0	0	0	0	0.13	0.7	0.16	0.01	0.00258646
Unvented Attic	CR09	2010s	0	0	0	0	0.13	0.7	0.16	0.01	0.000884989
Unvented Attic	CR10	<1940	0	0.18	0.16	0.28	0.13	0.22	0.04	0	1.25762e-05
Unvented Attic	CR10	1940s	0	0.18	0.16	0.28	0.13	0.22	0.04	0	2.05225e-05
Unvented Attic	CR10	1950s	0	0.11	0.14	0.23	0.15	0.28	0.08	0	5.95373e-05
Unvented Attic	CR10	1960s	0	0.04	0.16	0.36	0.09	0.26	0.08	0	3.34277e-05
Unvented Attic	CR10	1970s	0	0.08	0.12	0.22	0.19	0.31	0.08	0	6.28832e-05
Unvented Attic	CR10	1980s	0	0.01	0.08	0.27	0.4	0.22	0.02	0	0.00015457
Unvented Attic	CR10	1990s	0	0	0	0	0.18	0.54	0.28	0	0.000223952
Unvented Attic	CR10	2000s	0	0	0	0	0.01	0.62	0.34	0.03	0.000201798
Unvented Attic	CR10	2010s	0	0	0	0	0.01	0.62	0.34	0.03	8.93408e-05
Unvented Attic	CR11	<1940	0	0.18	0.16	0.28	0.13	0.22	0.04	0	0.00027725
Unvented Attic	CR11	1940s	0	0.18	0.16	0.28	0.13	0.22	0.04	0	0.000178316
Unvented Attic	CR11	1950s	0	0.11	0.14	0.23	0.15	0.28	0.08	0	0.000423173
Unvented Attic	CR11	1960s	0	0.04	0.16	0.36	0.09	0.26	0.08	0	0.000272856
Unvented Attic	CR11	1970s	0	0.08	0.12	0.22	0.19	0.31	0.08	0	0.000326616
Unvented Attic	CR11	1980s	0	0.01	0.08	0.27	0.4	0.22	0.02	0	0.000427882
Unvented Attic	CR11	1990s	0	0	0	0	0.17	0.71	0.12	0.01	0.000340834
Unvented Attic	CR11	2000s	0	0	0	0	0.11	0.58	0.28	0.04	0.000179709
Unvented Attic	CR11	2010s	0	0	0	0	0.11	0.58	0.28	0.04	0.000138497
None	CR02	<1940	1	0	0	0	0	0	0	0	0.00448305
None	CR02	1940s	1	0	0	0	0	0	0	0	0.00114825
None	CR02	1950s	1	0	0	0	0	0	0	0	0.00230691
None	CR02	1960s	1	0	0	0	0	0	0	0	0.002863
None	CR02	1970s	1	0	0	0	0	0	0	0	0.00482639
None	CR02	1980s	1	0	0	0	0	0	0	0	0.00330414
None	CR02	1990s	1	0	0	0	0	0	0	0	0.00388434
None	CR02	2000s	1	0	0	0	0	0	0	0	0.00357275
None	CR02	2010s	1	0	0	0	0	0	0	0	0.00172401
None	CR03	<1940	1	0	0	0	0	0	0	0	0.00820702
None	CR03	1940s	1	0	0	0	0	0	0	0	0.00150357
None	CR03	1950s	1	0	0	0	0	0	0	0	0.0026399
None	CR03	1960s	1	0	0	0	0	0	0	0	0.00257618
None	CR03	1970s	1	0	0	0	0	0	0	0	0.00363123
None	CR03	1980s	1	0	0	0	0	0	0	0	0.00371931
None	CR03	1990s	1	0	0	0	0	0	0	0	0.00227102
None	CR03	2000s	1	0	0	0	0	0	0	0	0.00219686
None	CR03	2010s	1	0	0	0	0	0	0	0	0.00100211
None	CR04	<1940	1	0	0	0	0	0	0	0	0.0112625
None	CR04	1940s	1	0	0	0	0	0	0	0	0.00371104
None	CR04	1950s	1	0	0	0	0	0	0	0	0.00724407
None	CR04	1960s	1	0	0	0	0	0	0	0	0.00789451
None	CR04	1970s	1	0	0	0	0	0	0	0	0.0113263
None	CR04	1980s	1	0	0	0	0	0	0	0	0.00769223
None	CR04	1990s	1	0	0	0	0	0	0	0	0.00913004
None	CR04	2000s	1	0	0	0	0	0	0	0	0.00737633
None	CR04	2010s	1	0	0	0	0	0	0	0	0.00246692
None	CR05	<1940	1	0	0	0	0	0	0	0	0.00163204
None	CR05	1940s	1	0	0	0	0	0	0	0	0.000673702
None	CR05	1950s	1	0	0	0	0	0	0	0	0.00152656
None	CR05	1960s	1	0	0	0	0	0	0	0	0.00193801
None	CR05	1970s	1	0	0	0	0	0	0	0	0.00460298
None	CR05	1980s	1	0	0	0	0	0	0	0	0.00304729
None	CR05	1990s	1	0	0	0	0	0	0	0	0.00351365
None	CR05	2000s	1	0	0	0	0	0	0	0	0.00335469
None	CR05	2010s	1	0	0	0	0	0	0	0	0.00160857
None	CR06	<1940	1	0	0	0	0	0	0	0	0.00195407
None	CR06	1940s	1	0	0	0	0	0	0	0	0.000893848
None	CR06	1950s	1	0	0	0	0	0	0	0	0.0014119
None	CR06	1960s	1	0	0	0	0	0	0	0	0.00214674
None	CR06	1970s	1	0	0	0	0	0	0	0	0.00416289
None	CR06	1980s	1	0	0	0	0	0	0	0	0.00294835
None	CR06	1990s	1	0	0	0	0	0	0	0	0.00382616
None	CR06	2000s	1	0	0	0	0	0	0	0	0.00311353
None	CR06	2010s	1	0	0	0	0	0	0	0	0.00147429
None	CR07	<1940	1	0	0	0	0	0	0	0	0.0220467
None	CR07	1940s	1	0	0	0	0	0	0	0	0.0062578
None	CR07	1950s	1	0	0	0	0	0	0	0	0.0104265
None	CR07	1960s	1	0	0	0	0	0	0	0	0.0103209
None	CR07	1970s	1	0	0	0	0	0	0	0	0.00989976
None	CR07	1980s	1	0	0	0	0	0	0	0	0.0080421
None	CR07	1990s	1	0	0	0	0	0	0	0	0.00688376
None	CR07	2000s	1	0	0	0	0	0	0	0	0.00544276
None	CR07	2010s	1	0	0	0	0	0	0	0	0.00252929
None	CR08	<1940	1	0	0	0	0	0	0	0	0.00664101
None	CR08	1940s	1	0	0	0	0	0	0	0	0.00302654
None	CR08	1950s	1	0	0	0	0	0	0	0	0.00572837
None	CR08	1960s	1	0	0	0	0	0	0	0	0.00717942
None	CR08	1970s	1	0	0	0	0	0	0	0	0.0110743
None	CR08	1980s	1	0	0	0	0	0	0	0	0.00916984
None	CR08	1990s	1	0	0	0	0	0	0	0	0.010137
None	CR08	2000s	1	0	0	0	0	0	0	0	0.00818918
None	CR08	2010s	1	0	0	0	0	0	0	0	0.00381324
None	CR09	<1940	1	0	0	0	0	0	0	0	0.00468762
None	CR09	1940s	1	0	0	0	0	0	0	0	0.00418272
None	CR09	1950s	1	0	0	0	0	0	0	0	0.00992533
None	CR09	1960s	1	0	0	0	0	0	0	0	0.0128433
None	CR09	1970s	1	0	0	0	0	0	0	0	0.0262255
None	CR09	1980s	1	0	0	0	0	0	0	0	0.0271566
None	CR09	1990s	1	0	0	0	0	0	0	0	0.0266771
None	CR09	2000s	1	0	0	0	0	0	0	0	0.0231029
None	CR09	2010s	1	0	0	0	0	0	0	0	0.010208
None	CR10	<1940	1	0	0	0	0	0	0	0	0.000469769
None	CR10	1940s	1	0	0	0	0	0	0	0	0.000432845
None	CR10	1950s	1	0	0	0	0	0	0	0	0.00134405
None	CR10	1960s	1	0	0	0	0	0	0	0	0.00212854
None	CR10	1970s	1	0	0	0	0	0	0	0	0.00470693
None	CR10	1980s	1	0	0	0	0	0	0	0	0.00474482
None	CR10	1990s	1	0	0	0	0	0	0	0	0.00554212
None	CR10	2000s	1	0	0	0	0	0	0	0	0.00454391
None	CR10	2010s	1	0	0	0	0	0	0	0	0.00133493
None	CR11	<1940	1	0	0	0	0	0	0	0	0.00604251
None	CR11	1940s	1	0	0	0	0	0	0	0	0.00354867
None	CR11	1950s	1	0	0	0	0	0	0	0	0.00796442
None	CR11	1960s	1	0	0	0	0	0	0	0	0.00959553
None	CR11	1970s	1	0	0	0	0	0	0	0	0.0134518
None	CR11	1980s	1	0	0	0	0	0	0	0	0.0105952
None	CR11	1990s	1	0	0	0	0	0	0	0	0.00718055
None	CR11	2000s	1	0	0	0	0	0	0	0	0.00681863
None	CR11	2010s	1	0	0	0	0	0	0	0	0.00254606
Finished Attic or Cathedral Ceilings	CR02	<1940	1	0	0	0	0	0	0	0	0.000309152
Finished Attic or Cathedral Ceilings	CR02	1940s	1	0	0	0	0	0	0	0	4.12014e-05
Finished Attic or Cathedral Ceilings	CR02	1950s	1	0	0	0	0	0	0	0	8.66384e-05
Finished Attic or Cathedral Ceilings	CR02	1960s	1	0	0	0	0	0	0	0	2.92493e-05
Finished Attic or Cathedral Ceilings	CR02	1970s	1	0	0	0	0	0	0	0	3.83987e-05
Finished Attic or Cathedral Ceilings	CR02	1980s	1	0	0	0	0	0	0	0	1.70119e-05
Finished Attic or Cathedral Ceilings	CR02	1990s	1	0	0	0	0	0	0	0	2.3387e-05
Finished Attic or Cathedral Ceilings	CR02	2000s	1	0	0	0	0	0	0	0	0.000102157
Finished Attic or Cathedral Ceilings	CR02	2010s	1	0	0	0	0	0	0	0	2.84561e-06
Finished Attic or Cathedral Ceilings	CR03	<1940	1	0	0	0	0	0	0	0	0.000332882
Finished Attic or Cathedral Ceilings	CR03	1940s	1	0	0	0	0	0	0	0	2.50375e-05
Finished Attic or Cathedral Ceilings	CR03	1950s	1	0	0	0	0	0	0	0	5.73188e-05
Finished Attic or Cathedral Ceilings	CR03	1960s	1	0	0	0	0	0	0	0	2.49888e-05
Finished Attic or Cathedral Ceilings	CR03	1970s	1	0	0	0	0	0	0	0	2.71437e-05
Finished Attic or Cathedral Ceilings	CR03	1980s	1	0	0	0	0	0	0	0	8.49853e-05
Finished Attic or Cathedral Ceilings	CR03	1990s	1	0	0	0	0	0	0	0	6.69971e-05
Finished Attic or Cathedral Ceilings	CR03	2000s	1	0	0	0	0	0	0	0	4.56847e-05
Finished Attic or Cathedral Ceilings	CR03	2010s	1	0	0	0	0	0	0	0	2.63913e-05
Finished Attic or Cathedral Ceilings	CR04	<1940	1	0	0	0	0	0	0	0	0.000834302
Finished Attic or Cathedral Ceilings	CR04	1940s	1	0	0	0	0	0	0	0	0.000132802
Finished Attic or Cathedral Ceilings	CR04	1950s	1	0	0	0	0	0	0	0	0.000291698
Finished Attic or Cathedral Ceilings	CR04	1960s	1	0	0	0	0	0	0	0	4.50848e-05
Finished Attic or Cathedral Ceilings	CR04	1970s	1	0	0	0	0	0	0	0	4.85804e-05
Finished Attic or Cathedral Ceilings	CR04	1980s	1	0	0	0	0	0	0	0	3.5077e-05
Finished Attic or Cathedral Ceilings	CR04	1990s	1	0	0	0	0	0	0	0	5.30958e-05
Finished Attic or Cathedral Ceilings	CR04	2000s	1	0	0	0	0	0	0	0	0.000289089
Finished Attic or Cathedral Ceilings	CR04	2010s	1	0	0	0	0	0	0	0	1.08938e-05
Finished Attic or Cathedral Ceilings	CR05	<1940	1	0	0	0	0	0	0	0	5.74126e-05
Finished Attic or Cathedral Ceilings	CR05	1940s	1	0	0	0	0	0	0	0	4.91449e-06
Finished Attic or Cathedral Ceilings	CR05	1950s	1	0	0	0	0	0	0	0	1.08654e-05
Finished Attic or Cathedral Ceilings	CR05	1960s	1	0	0	0	0	0	0	0	6.18204e-06
Finished Attic or Cathedral Ceilings	CR05	1970s	1	0	0	0	0	0	0	0	1.33685e-05
Finished Attic or Cathedral Ceilings	CR05	1980s	1	0	0	0	0	0	0	0	1.72421e-05
Finished Attic or Cathedral Ceilings	CR05	1990s	1	0	0	0	0	0	0	0	2.56287e-05
Finished Attic or Cathedral Ceilings	CR05	2000s	1	0	0	0	0	0	0	0	6.99386e-05
Finished Attic or Cathedral Ceilings	CR05	2010s	1	0	0	0	0	0	0	0	1.09232e-05
Finished Attic or Cathedral Ceilings	CR06	<1940	1	0	0	0	0	0	0	0	9.67726e-05
Finished Attic or Cathedral Ceilings	CR06	1940s	1	0	0	0	0	0	0	0	1.09659e-05
Finished Attic or Cathedral Ceilings	CR06	1950s	1	0	0	0	0	0	0	0	1.67998e-05
Finished Attic or Cathedral Ceilings	CR06	1960s	1	0	0	0	0	0	0	0	2.34017e-05
Finished Attic or Cathedral Ceilings	CR06	1970s	1	0	0	0	0	0	0	0	3.69302e-05
Finished Attic or Cathedral Ceilings	CR06	1980s	1	0	0	0	0	0	0	0	3.42616e-05
Finished Attic or Cathedral Ceilings	CR06	1990s	1	0	0	0	0	0	0	0	5.22617e-05
Finished Attic or Cathedral Ceilings	CR06	2000s	1	0	0	0	0	0	0	0	2.63848e-05
Finished Attic or Cathedral Ceilings	CR06	2010s	1	0	0	0	0	0	0	0	1.21209e-05
Finished Attic or Cathedral Ceilings	CR07	<1940	1	0	0	0	0	0	0	0	0.00158922
Finished Attic or Cathedral Ceilings	CR07	1940s	1	0	0	0	0	0	0	0	0.000191628
Finished Attic or Cathedral Ceilings	CR07	1950s	1	0	0	0	0	0	0	0	0.000381379
Finished Attic or Cathedral Ceilings	CR07	1960s	1	0	0	0	0	0	0	0	0.000143408
Finished Attic or Cathedral Ceilings	CR07	1970s	1	0	0	0	0	0	0	0	0.000137664
Finished Attic or Cathedral Ceilings	CR07	1980s	1	0	0	0	0	0	0	0	9.23688e-05
Finished Attic or Cathedral Ceilings	CR07	1990s	1	0	0	0	0	0	0	0	8.28712e-05
Finished Attic or Cathedral Ceilings	CR07	2000s	1	0	0	0	0	0	0	0	0.000111821
Finished Attic or Cathedral Ceilings	CR07	2010s	1	0	0	0	0	0	0	0	5.38011e-05
Finished Attic or Cathedral Ceilings	CR08	<1940	1	0	0	0	0	0	0	0	0.00051061
Finished Attic or Cathedral Ceilings	CR08	1940s	1	0	0	0	0	0	0	0	9.13757e-05
Finished Attic or Cathedral Ceilings	CR08	1950s	1	0	0	0	0	0	0	0	0.000186549
Finished Attic or Cathedral Ceilings	CR08	1960s	1	0	0	0	0	0	0	0	0.000124258
Finished Attic or Cathedral Ceilings	CR08	1970s	1	0	0	0	0	0	0	0	0.0001597
Finished Attic or Cathedral Ceilings	CR08	1980s	1	0	0	0	0	0	0	0	0.000208038
Finished Attic or Cathedral Ceilings	CR08	1990s	1	0	0	0	0	0	0	0	0.000229976
Finished Attic or Cathedral Ceilings	CR08	2000s	1	0	0	0	0	0	0	0	0.000324378
Finished Attic or Cathedral Ceilings	CR08	2010s	1	0	0	0	0	0	0	0	7.98128e-05
Finished Attic or Cathedral Ceilings	CR09	<1940	1	0	0	0	0	0	0	0	0.000603185
Finished Attic or Cathedral Ceilings	CR09	1940s	1	0	0	0	0	0	0	0	0.000150827
Finished Attic or Cathedral Ceilings	CR09	1950s	1	0	0	0	0	0	0	0	0.000373864
Finished Attic or Cathedral Ceilings	CR09	1960s	1	0	0	0	0	0	0	0	0.000247293
Finished Attic or Cathedral Ceilings	CR09	1970s	1	0	0	0	0	0	0	0	0.000347758
Finished Attic or Cathedral Ceilings	CR09	1980s	1	0	0	0	0	0	0	0	0.000727559
Finished Attic or Cathedral Ceilings	CR09	1990s	1	0	0	0	0	0	0	0	0.000744926
Finished Attic or Cathedral Ceilings	CR09	2000s	1	0	0	0	0	0	0	0	0.00116076
Finished Attic or Cathedral Ceilings	CR09	2010s	1	0	0	0	0	0	0	0	0.000379314
Finished Attic or Cathedral Ceilings	CR10	<1940	1	0	0	0	0	0	0	0	1.10531e-05
Finished Attic or Cathedral Ceilings	CR10	1940s	1	0	0	0	0	0	0	0	5.6947e-06
Finished Attic or Cathedral Ceilings	CR10	1950s	1	0	0	0	0	0	0	0	1.65e-05
Finished Attic or Cathedral Ceilings	CR10	1960s	1	0	0	0	0	0	0	0	1.2645e-06
Finished Attic or Cathedral Ceilings	CR10	1970s	1	0	0	0	0	0	0	0	3.55858e-06
Finished Attic or Cathedral Ceilings	CR10	1980s	1	0	0	0	0	0	0	0	6.95691e-05
Finished Attic or Cathedral Ceilings	CR10	1990s	1	0	0	0	0	0	0	0	0.000101162
Finished Attic or Cathedral Ceilings	CR10	2000s	1	0	0	0	0	0	0	0	0.000231175
Finished Attic or Cathedral Ceilings	CR10	2010s	1	0	0	0	0	0	0	0	2.0658e-06
Finished Attic or Cathedral Ceilings	CR11	<1940	1	0	0	0	0	0	0	0	0.000176932
Finished Attic or Cathedral Ceilings	CR11	1940s	1	0	0	0	0	0	0	0	3.25862e-05
Finished Attic or Cathedral Ceilings	CR11	1950s	1	0	0	0	0	0	0	0	7.92838e-05
Finished Attic or Cathedral Ceilings	CR11	1960s	1	0	0	0	0	0	0	0	9.47571e-05
Finished Attic or Cathedral Ceilings	CR11	1970s	1	0	0	0	0	0	0	0	0.000107838
Finished Attic or Cathedral Ceilings	CR11	1980s	1	0	0	0	0	0	0	0	0.000149487
Finished Attic or Cathedral Ceilings	CR11	1990s	1	0	0	0	0	0	0	0	0.000110997
Finished Attic or Cathedral Ceilings	CR11	2000s	1	0	0	0	0	0	0	0	5.85082e-05
Finished Attic or Cathedral Ceilings	CR11	2010s	1	0	0	0	0	0	0	0	2.45666e-05
Vented Attic	CRHI	<1940	0	0.18	0.16	0.28	0.13	0.22	0.04	0	5.26884e-05
Vented Attic	CRHI	1940s	0	0.18	0.16	0.28	0.13	0.22	0.04	0	5.58818e-05
Vented Attic	CRHI	1950s	0	0.11	0.14	0.23	0.15	0.28	0.08	0	0.000123204
Vented Attic	CRHI	1960s	0	0.04	0.16	0.36	0.09	0.26	0.08	0	0.000150566
Vented Attic	CRHI	1970s	0	0.08	0.12	0.22	0.19	0.31	0.08	0	0.000188468
Vented Attic	CRHI	1980s	0	0.01	0.08	0.27	0.4	0.22	0.02	0	0.000184541
Vented Attic	CRHI	1990s	0	0	0	0	0.27	0.64	0.08	0.01	0.000171485
Vented Attic	CRHI	2000s	0	0	0	0	0.13	0.7	0.16	0.01	0.000199056
Vented Attic	CRHI	2010s	0	0	0	0	0.13	0.7	0.16	0.01	5.17941e-05
Unvented Attic	CRHI	<1940	0	0.18	0.16	0.28	0.13	0.22	0.04	0	4.80305e-06
Unvented Attic	CRHI	1940s	0	0.18	0.16	0.28	0.13	0.22	0.04	0	4.08911e-06
Unvented Attic	CRHI	1950s	0	0.11	0.14	0.23	0.15	0.28	0.08	0	9.0661e-06
Unvented Attic	CRHI	1960s	0	0.04	0.16	0.36	0.09	0.26	0.08	0	1.0793e-05
Unvented Attic	CRHI	1970s	0	0.08	0.12	0.22	0.19	0.31	0.08	0	1.39948e-05
Unvented Attic	CRHI	1980s	0	0.01	0.08	0.27	0.4	0.22	0.02	0	1.74133e-05
Unvented Attic	CRHI	1990s	0	0	0	0	0.27	0.64	0.08	0.01	1.62793e-05
Unvented Attic	CRHI	2000s	0	0	0	0	0.13	0.7	0.16	0.01	8.34171e-06
Unvented Attic	CRHI	2010s	0	0	0	0	0.13	0.7	0.16	0.01	9.65359e-06
None	CRHI	<1940	1	0	0	0	0	0	0	0	7.03547e-05
None	CRHI	1940s	1	0	0	0	0	0	0	0	7.84413e-05
None	CRHI	1950s	1	0	0	0	0	0	0	0	0.000203808
None	CRHI	1960s	1	0	0	0	0	0	0	0	0.000420173
None	CRHI	1970s	1	0	0	0	0	0	0	0	0.00070972
None	CRHI	1980s	1	0	0	0	0	0	0	0	0.00038755
None	CRHI	1990s	1	0	0	0	0	0	0	0	0.000356126
None	CRHI	2000s	1	0	0	0	0	0	0	0	0.000304808
None	CRHI	2010s	1	0	0	0	0	0	0	0	0.000123566
Finished Attic or Cathedral Ceilings	CRHI	<1940	1	0	0	0	0	0	0	0	3.25575e-06
Finished Attic or Cathedral Ceilings	CRHI	1940s	1	0	0	0	0	0	0	0	8.03506e-07
Finished Attic or Cathedral Ceilings	CRHI	1950s	1	0	0	0	0	0	0	0	1.78674e-06
Finished Attic or Cathedral Ceilings	CRHI	1960s	1	0	0	0	0	0	0	0	3.58876e-06
Finished Attic or Cathedral Ceilings	CRHI	1970s	1	0	0	0	0	0	0	0	4.33514e-06
Finished Attic or Cathedral Ceilings	CRHI	1980s	1	0	0	0	0	0	0	0	5.26981e-06
Finished Attic or Cathedral Ceilings	CRHI	1990s	1	0	0	0	0	0	0	0	5.00745e-06
Finished Attic or Cathedral Ceilings	CRHI	2000s	1	0	0	0	0	0	0	0	2.46902e-06
Finished Attic or Cathedral Ceilings	CRHI	2010s	1	0	0	0	0	0	0	0	2.57205e-06
Vented Attic	CRAK	<1940	0	0	0.04	0.14	0.16	0.28	0.13	0.26	1.39734e-05
Vented Attic	CRAK	1940s	0	0	0.04	0.14	0.16	0.28	0.13	0.26	1.08066e-05
Vented Attic	CRAK	1950s	0	0	0.03	0.08	0.14	0.23	0.15	0.36	3.73559e-05
Vented Attic	CRAK	1960s	0	0	0.01	0.04	0.16	0.36	0.09	0.34	5.47409e-05
Vented Attic	CRAK	1970s	0	0	0.01	0.07	0.12	0.22	0.19	0.39	0.000149628
Vented Attic	CRAK	1980s	0	0	0	0.01	0.08	0.27	0.4	0.23	0.000205353
Vented Attic	CRAK	1990s	0	0	0	0	0.01	0.2	0.26	0.54	0.00012746
Vented Attic	CRAK	2000s	0	0	0	0	0.01	0.21	0.25	0.53	0.000170553
Vented Attic	CRAK	2010s	0	0	0	0	0.01	0.21	0.25	0.53	3.27855e-05
Unvented Attic	CRAK	<1940	0	0	0.04	0.14	0.16	0.28	0.13	0.26	1.22319e-06
Unvented Attic	CRAK	1940s	0	0	0.04	0.14	0.16	0.28	0.13	0.26	8.2124e-07
Unvented Attic	CRAK	1950s	0	0	0.03	0.08	0.14	0.23	0.15	0.36	2.82052e-06
Unvented Attic	CRAK	1960s	0	0	0.01	0.04	0.16	0.36	0.09	0.34	3.69429e-06
Unvented Attic	CRAK	1970s	0	0	0.01	0.07	0.12	0.22	0.19	0.39	1.03796e-05
Unvented Attic	CRAK	1980s	0	0	0	0.01	0.08	0.27	0.4	0.23	1.94599e-05
Unvented Attic	CRAK	1990s	0	0	0	0	0.01	0.2	0.26	0.54	1.19003e-05
Unvented Attic	CRAK	2000s	0	0	0	0	0.01	0.21	0.25	0.53	7.20543e-06
Unvented Attic	CRAK	2010s	0	0	0	0	0.01	0.21	0.25	0.53	5.9069e-06
None	CRAK	<1940	1	0	0	0	0	0	0	0	2.30805e-05
None	CRAK	1940s	1	0	0	0	0	0	0	0	1.97953e-05
None	CRAK	1950s	1	0	0	0	0	0	0	0	7.01183e-05
None	CRAK	1960s	1	0	0	0	0	0	0	0	0.000125153
None	CRAK	1970s	1	0	0	0	0	0	0	0	0.00037525
None	CRAK	1980s	1	0	0	0	0	0	0	0	0.000367927
None	CRAK	1990s	1	0	0	0	0	0	0	0	0.000177029
None	CRAK	2000s	1	0	0	0	0	0	0	0	0.000199281
None	CRAK	2010s	1	0	0	0	0	0	0	0	6.3865e-05
Finished Attic or Cathedral Ceilings	CRAK	<1940	1	0	0	0	0	0	0	0	1.01743e-06
Finished Attic or Cathedral Ceilings	CRAK	1940s	1	0	0	0	0	0	0	0	1.7713e-07
Finished Attic or Cathedral Ceilings	CRAK	1950s	1	0	0	0	0	0	0	0	5.96108e-07
Finished Attic or Cathedral Ceilings	CRAK	1960s	1	0	0	0	0	0	0	0	1.18173e-06
Finished Attic or Cathedral Ceilings	CRAK	1970s	1	0	0	0	0	0	0	0	3.30776e-06
Finished Attic or Cathedral Ceilings	CRAK	1980s	1	0	0	0	0	0	0	0	6.05823e-06
Finished Attic or Cathedral Ceilings	CRAK	1990s	1	0	0	0	0	0	0	0	3.44011e-06
Finished Attic or Cathedral Ceilings	CRAK	2000s	1	0	0	0	0	0	0	0	2.23988e-06
Finished Attic or Cathedral Ceilings	CRAK	2010s	1	0	0	0	0	0	0	0	7.11023e-07
# Source: NEEA Residential Building Stock Assessment, 2012
# Source: Nettleton, G.; Edwards, J. (2012). Data Collection-Data Characterization Summary, NorthernSTAR Building America Partnership, Building Technologies Program. Washington, D.C.: U.S. Department of Energy, as described in Roberts et al., 'Assessment of the U.S. Department of Energy's Home Energy Score Tool', 2012, and Merket 'Building America Field Data Repository', Webinar, 2014
# Source: Derived from Home Innovation Research Labs 1982-2007 Data
# Assumptions: Vented Attic has the same distribution as Unvented Attic
# Assumptions: CRHI is a copy of CR09
# Assumptions: CRAK is a copy of CR02