Dependency=Vintage	Dependency=Heating Fuel	Dependency=Location EPW	Dependency=Location Census Tract	Dependency=County	Option=owner 0-30	Option=owner 30-50	Option=owner 50-80	Option=owner 80-100	Option=owner 100+	Option=renter 0-30	Option=renter 30-50	Option=renter 50-80	Option=renter 80-100	Option=renter 100+	Count
1950s	Electricity	USA_NV_Elko.Muni.AP.725825_TMY3.epw	G3200070950200	7.0	0.0427198125407	0.024426219936	0.0376844573352	0.00969278628083	0.0957287779655	0.0958535250756	0.140040036618	0.21238453914	0.135923706842	0.205546138265	19.2316420859
1950s	Electricity	USA_NV_Elko.Muni.AP.725825_TMY3.epw	G3200070950702	7.0	0.166806164427	0.401028840908	0.0591643319222	0.0303198396374	0.342680823105	0.0	0.0	0.0	0.0	0.0	0.873565033126
1950s	Electricity	USA_NV_Elko.Muni.AP.725825_TMY3.epw	G3200070950800	7.0	0.074015950582	0.0504142280103	0.0623565645935	0.0551540518797	0.124247455558	0.0445031385403	0.084547860338	0.366447256091	0.0598475870063	0.0784659074012	9.14539165183
1950s	Electricity	USA_NV_Elko.Muni.AP.725825_TMY3.epw	G3200070950900	7.0	0.187716275687	0.0696033419457	0.0751025601861	0.042513279681	0.17232828906	0.0426912990821	0.104762729893	0.195478756135	0.0622565395451	0.0475469287846	8.05491023696
1950s	Electricity	USA_NV_Elko.Muni.AP.725825_TMY3.epw	G3200070951000	7.0	0.00749845455455	0.071448323556	0.0954279526042	0.112621101366	0.281770582476	0.0261685369494	0.0659675766799	0.231110416711	0.0710595486492	0.0369275064536	5.48972177254
1950s	Electricity	USA_NV_Elko.Muni.AP.725825_TMY3.epw	G3200070951201	7.0	0.0062046583664	0.0452027161968	0.0797564338101	0.012226172837	0.85661001879	0.0	0.0	0.0	0.0	0.0	0.63032197666
1950s	Electricity	USA_NV_Elko.Muni.AP.725825_TMY3.epw	G3200070951202	7.0	0.0551074010217	0.329439267136	0.0862087141085	0.088041379105	0.441203238628	0.0	0.0	0.0	0.0	0.0	1.77291399585
1950s	Electricity	USA_NV_Elko.Muni.AP.725825_TMY3.epw	G3200070951300	7.0	0.0735373842808	0.23072582879	0.173752774705	0.127072467213	0.1688730878	0.0338782609931	0.113851957571	0.0725587386659	0.00426079118143	0.00148870879981	2.80337318315
1950s	Electricity	USA_NV_Elko.Muni.AP.725825_TMY3.epw	G3200070951402	7.0	0.0402891264601	0.00162534178856	0.0730005795741	0.042279171972	0.842805780205	0.0	0.0	0.0	0.0	0.0	2.17003128027
1950s	Electricity	USA_NV_Elko.Muni.AP.725825_TMY3.epw	G3200070951500	7.0	0.0	0.0	0.0	0.0	0.0	0.197817571221	0.488764209507	0.248160530353	0.0575424535387	0.00771523538043	8.3160797073
1950s	Electricity	USA_NV_Elko.Muni.AP.725825_TMY3.epw	G3200070951600	7.0	0.00130535464566	0.0216367126049	0.0375162214812	0.0340874137723	0.209775397359	0.113950294251	0.0398665596512	0.174213253464	0.0541265299844	0.313522262786	10.0874910789
1950s	Electricity	USA_NV_Elko.Muni.AP.725825_TMY3.epw	G3200070951700	7.0	0.0237817921058	0.12363940263	0.140344139034	0.0371862545611	0.172308319123	0.11241048425	0.301242191051	0.0554359595974	0.0100296293638	0.0236218282835	18.3285484461
1950s	Electricity	USA_NV_Elko.Muni.AP.725825_TMY3.epw	G3200130010500	13.0	0.0380746591313	0.0365400700684	0.0378696709247	0.0211611389398	0.124621013279	0.0166698822228	0.24435264222	0.351245334763	0.086100009744	0.0433655787059	0.0313246230509
1950s	Electricity	USA_NV_Elko.Muni.AP.725825_TMY3.epw	G3200130010600	13.0	0.0	0.0	0.0	0.0	0.0	0.0	0.0	0.0	0.0	0.0	0.0
1950s	Electricity	USA_NV_Elko.Muni.AP.725825_TMY3.epw	G3200150000300	15.0	0.0429316433592	0.071671101057	0.0720278222287	0.0357894868392	0.749383583167	0.000346127209507	0.00308963911015	0.0113416395183	0.00222765450867	0.0111913030024	0.0475317052549
1950s	Electricity	USA_NV_Elko.Muni.AP.725825_TMY3.epw	G3200330970100	33.0	0.0	0.0	0.0	0.0	0.0	0.0	0.0	0.0	0.0	0.0	0.0
1950s	Electricity	USA_NV_Ely-Yelland.Field.724860_TMY3.epw	G3200070950200	7.0	0.0427198125407	0.024426219936	0.0376844573352	0.00969278628083	0.0957287779655	0.0958535250756	0.140040036618	0.21238453914	0.135923706842	0.205546138265	0.0432414661853
1950s	Electricity	USA_NV_Ely-Yelland.Field.724860_TMY3.epw	G3200070951500	7.0	0.0	0.0	0.0	0.0	0.0	0.197817571221	0.488764209507	0.248160530353	0.0575424535387	0.00771523538043	0.022967715359
1950s	Electricity	USA_NV_Ely-Yelland.Field.724860_TMY3.epw	G3200150000300	15.0	0.0429316433592	0.071671101057	0.0720278222287	0.0357894868392	0.749383583167	0.000346127209507	0.00308963911015	0.0113416395183	0.00222765450867	0.0111913030024	0.0635236808547
1950s	Electricity	USA_NV_Ely-Yelland.Field.724860_TMY3.epw	G3200170950100	17.0	0.0423091951375	0.0359164075726	0.0818558508265	0.0134421140059	0.337747216417	0.0194635197508	0.136025771214	0.0579086040476	0.040832446298	0.23449887473	1.09861102299
1950s	Electricity	USA_NV_Ely-Yelland.Field.724860_TMY3.epw	G3200170950200	17.0	0.0	0.0	0.0	0.0	0.0	0.0	0.0	0.0	0.0	0.0	0.0
1950s	Electricity	USA_NV_Ely-Yelland.Field.724860_TMY3.epw	G3200230960100	23.0	0.0104374323523	0.00576695346414	0.050086155632	0.0277489534031	0.189856091513	0.110807327834	0.286070034447	0.136844305597	0.065608961633	0.116773784125	0.223585403239
1950s	Electricity	USA_NV_Ely-Yelland.Field.724860_TMY3.epw	G3200330970100	33.0	0.145609978792	0.0625917754983	0.169523200302	0.0308852991112	0.204756022696	0.0352786502707	0.0553496767989	0.0413476794816	0.0864960838571	0.168161633192	14.3008533242
1950s	Electricity	USA_NV_Ely-Yelland.Field.724860_TMY3.epw	G3200330970200	33.0	0.0425628419873	0.0170205815489	0.0756608216112	0.0697510128003	0.531336357307	0.0302047402162	0.00278983822031	0.0930921511052	0.0531542661179	0.0844273890861	56.3755732959
1950s	Electricity	USA_NV_Ely-Yelland.Field.724860_TMY3.epw	G3200330970300	33.0	0.0442006003199	0.0535704800066	0.11227340931	0.042570865955	0.369517806136	0.0244100912461	0.111964632027	0.102563823714	0.053347062885	0.0855812284006	73.8888321835
1950s	Electricity	USA_NV_Las.Vegas-McCarran.Intl.AP.723860_TMY3.epw	G3200030000101	3.0	0.0309559065795	0.115527888707	0.142595091047	0.0408530063851	0.386489303478	0.129560082379	0.0188054535259	0.0831660248753	0.0102905942042	0.041756648819	166.485125259
1950s	Electricity	USA_NV_Las.Vegas-McCarran.Intl.AP.723860_TMY3.epw	G3200030000103	3.0	0.115849067837	0.221886552718	0.11654450741	0.0508991632375	0.368927336052	0.0425743368803	0.0176308241362	0.0381703183516	0.00359727859757	0.0239206147793	18.4063527928
1950s	Electricity	USA_NV_Las.Vegas-McCarran.Intl.AP.723860_TMY3.epw	G3200030000105	3.0	0.0255202631964	0.0526618314289	0.101461474606	0.0229330311141	0.245809420322	0.103708093979	0.0571587905413	0.159513824972	0.0502425596414	0.180990710199	129.894646594
1950s	Electricity	USA_NV_Las.Vegas-McCarran.Intl.AP.723860_TMY3.epw	G3200030000106	3.0	0.0133788803425	0.0829384115303	0.0408858308965	0.0153965420692	0.0914960235539	0.179500244842	0.206423040426	0.149006756969	0.0571170328858	0.163857236485	52.3951716141
1950s	Electricity	USA_NV_Las.Vegas-McCarran.Intl.AP.723860_TMY3.epw	G3200030000107	3.0	0.0177036067427	0.0319236677238	0.0889563114374	0.0499255617853	0.374073802651	0.0911091144384	0.133739682207	0.0833473414292	0.0359247759241	0.0932961356609	104.938449358
1950s	Electricity	USA_NV_Las.Vegas-McCarran.Intl.AP.723860_TMY3.epw	G3200030000108	3.0	0.0275083658774	0.0438738493989	0.0543188012768	0.0114928190484	0.108157208561	0.218553607843	0.132994385757	0.2304663017	0.0292970307517	0.143337629786	60.9499246392
1950s	Electricity	USA_NV_Las.Vegas-McCarran.Intl.AP.723860_TMY3.epw	G3200030000109	3.0	0.016007394308	0.0449992459208	0.0242869664558	0.0250596587838	0.0991975767235	0.184946152252	0.136396598183	0.184453257903	0.0116522905326	0.273000858937	16.9703293594
1950s	Electricity	USA_NV_Las.Vegas-McCarran.Intl.AP.723860_TMY3.epw	G3200030000201	3.0	0.102571560841	0.112951225005	0.148278848142	0.0463758701479	0.406131572241	0.0269982855607	0.0097674524191	0.0303724616412	0.0118685077493	0.104684216254	61.6735925339
1950s	Electricity	USA_NV_Las.Vegas-McCarran.Intl.AP.723860_TMY3.epw	G3200030000203	3.0	0.191979874282	0.0324183227857	0.0462724069395	0.0132434540017	0.156747379023	0.0980765351459	0.0187990796299	0.0769683587672	0.0370245833527	0.328470006072	25.1691598051
1950s	Electricity	USA_NV_Las.Vegas-McCarran.Intl.AP.723860_TMY3.epw	G3200030000204	3.0	0.0426996527544	0.0910883414162	0.0971759304332	0.0359104981431	0.380520721038	0.0346585300427	0.0430424259885	0.098917567163	0.0402734534982	0.135712879522	39.4470772453
1950s	Electricity	USA_NV_Las.Vegas-McCarran.Intl.AP.723860_TMY3.epw	G3200030000301	3.0	0.215508758007	0.0519538746055	0.172588532077	0.0767551023792	0.287486593718	0.0412441259829	0.0136838890147	0.0491443705906	0.0147489732641	0.0768857803607	61.7608315437
1950s	Electricity	USA_NV_Las.Vegas-McCarran.Intl.AP.723860_TMY3.epw	G3200030000302	3.0	0.215019295559	0.110610304065	0.201338943219	0.102315067235	0.2513224382	0.0573579294925	0.00802328325352	0.0247765008597	0.00449459033734	0.0247416477786	53.8474842256
1950s	Electricity	USA_NV_Las.Vegas-McCarran.Intl.AP.723860_TMY3.epw	G3200030000401	3.0	0.133424817022	0.138662815354	0.0619084251771	0.0456818491812	0.186864225152	0.1024219645	0.055315189394	0.149013463441	0.0466873532573	0.0800198975208	35.9823988677
1950s	Electricity	USA_NV_Las.Vegas-McCarran.Intl.AP.723860_TMY3.epw	G3200030000402	3.0	0.00261894948652	0.0253909795251	0.119497769298	0.0547892408289	0.224359561325	0.23877912718	0.0500846446768	0.119002261636	0.0242004620933	0.14127700395	28.5605213317
1950s	Electricity	USA_NV_Las.Vegas-McCarran.Intl.AP.723860_TMY3.epw	G3200030000403	3.0	0.0220090706107	0.132620981601	0.230696610225	0.0927544463961	0.208718081613	0.111689477171	0.0412705417875	0.0938575255854	0.0177977180904	0.0485855469199	56.4015974626
1950s	Electricity	USA_NV_Las.Vegas-McCarran.Intl.AP.723860_TMY3.epw	G3200030000510	3.0	0.0529354937858	0.0617013894292	0.192061473396	0.118688101999	0.304823707523	0.0931370173702	0.0270373368614	0.0768973208482	0.0212467654561	0.0514713933311	130.672147896
1950s	Electricity	USA_NV_Las.Vegas-McCarran.Intl.AP.723860_TMY3.epw	G3200030000513	3.0	0.0691857276599	0.170565028606	0.162113761035	0.069013140701	0.445507725938	0.0085655834727	0.000780481679504	0.0143244753337	0.00447728805037	0.0554667875227	21.8680049424
1950s	Electricity	USA_NV_Las.Vegas-McCarran.Intl.AP.723860_TMY3.epw	G3200030000514	3.0	0.022562079312	0.0746581332982	0.467318046709	0.072314985275	0.363146755406	0.0	0.0	0.0	0.0	0.0	4.39633594077
1950s	Electricity	USA_NV_Las.Vegas-McCarran.Intl.AP.723860_TMY3.epw	G3200030000515	3.0	0.0	0.0	0.0	0.0	0.0	0.137848545093	0.0691596856854	0.265416184166	0.0263339855708	0.501241599485	5.50727887969
1950s	Electricity	USA_NV_Las.Vegas-McCarran.Intl.AP.723860_TMY3.epw	G3200030000516	3.0	0.0488447381645	0.0458044345325	0.0972883078571	0.0882880708106	0.160778909786	0.260786969301	0.059303474601	0.132983087791	0.0316530687799	0.0742689383764	18.3392620141
1950s	Electricity	USA_NV_Las.Vegas-McCarran.Intl.AP.723860_TMY3.epw	G3200030000517	3.0	0.0636989710916	0.105367723375	0.264759583031	0.123620260787	0.442553461715	0.0	0.0	0.0	0.0	0.0	8.74482211415
1950s	Electricity	USA_NV_Las.Vegas-McCarran.Intl.AP.723860_TMY3.epw	G3200030000518	3.0	0.116519516968	0.026938226589	0.045348051621	0.0101904910217	0.0545435195118	0.153956272678	0.0906508530569	0.232821563904	0.0471303542583	0.221901150391	6.02993191881
1950s	Electricity	USA_NV_Las.Vegas-McCarran.Intl.AP.723860_TMY3.epw	G3200030000519	3.0	0.0	0.0	0.0	0.0	0.0	0.286957171104	0.179935135828	0.295583667744	0.0386300768824	0.198893948441	5.65497538575
1950s	Electricity	USA_NV_Las.Vegas-McCarran.Intl.AP.723860_TMY3.epw	G3200030000520	3.0	0.0349436793066	0.0620222489284	0.145801271504	0.0412839000626	0.175857095083	0.145044611805	0.052097376438	0.138101841282	0.0626706526805	0.142177322909	105.838833951
1950s	Electricity	USA_NV_Las.Vegas-McCarran.Intl.AP.723860_TMY3.epw	G3200030000521	3.0	0.136632225831	0.049364628117	0.25754133182	0.108522606861	0.241730592034	0.122781692335	0.013420061929	0.0263311575986	0.0104522615504	0.0332234419236	76.3516533503
1950s	Electricity	USA_NV_Las.Vegas-McCarran.Intl.AP.723860_TMY3.epw	G3200030000523	3.0	0.0	0.0	0.0	0.0	0.0	0.349263383346	0.0963712261904	0.271361737241	0.0720566689208	0.210946984302	11.0480279288
1950s	Electricity	USA_NV_Las.Vegas-McCarran.Intl.AP.723860_TMY3.epw	G3200030000524	3.0	0.0427998537503	0.0909675263621	0.251362402054	0.0488324088535	0.243811390457	0.178139862724	0.0400732908958	0.0594875629365	0.0160965874119	0.0284291145552	4.39219327789
1950s	Electricity	USA_NV_Las.Vegas-McCarran.Intl.AP.723860_TMY3.epw	G3200030000525	3.0	0.0	0.0	0.0	0.0	0.0	0.434532193694	0.141135638866	0.228803875521	0.0254268928899	0.170101399029	1.43655738852
1950s	Electricity	USA_NV_Las.Vegas-McCarran.Intl.AP.723860_TMY3.epw	G3200030000526	3.0	0.0348288292628	0.0312052447518	0.0638035111288	0.044612737449	0.182742064966	0.369251658143	0.0750115196484	0.123861764853	0.0143826925761	0.0602999772204	15.7407936389
1950s	Electricity	USA_NV_Las.Vegas-McCarran.Intl.AP.723860_TMY3.epw	G3200030000527	3.0	0.471898566178	0.040115636942	0.107325964861	0.0431360515906	0.194363695722	0.0220820197437	0.00815535704052	0.0219471209577	0.00464442945596	0.0863311575083	3.74135758622
1950s	Electricity	USA_NV_Las.Vegas-McCarran.Intl.AP.723860_TMY3.epw	G3200030000600	3.0	0.190652419078	0.102171557291	0.171962534588	0.0994104661695	0.19456490584	0.0857843423849	0.0236731543714	0.0539590696474	0.0144272229723	0.0633943276577	111.060595821
1950s	Electricity	USA_NV_Las.Vegas-McCarran.Intl.AP.723860_TMY3.epw	G3200030000800	3.0	0.00177643346215	3.56035955547e-278	0.062815457071	0.0104035822979	0.00249767505385	0.314676561682	0.105380743948	0.1908003543	0.0734407284775	0.238208463707	11.3747932012
1950s	Electricity	USA_NV_Las.Vegas-McCarran.Intl.AP.723860_TMY3.epw	G3200030000900	3.0	0.00485201419845	0.00278325856772	0.00642645995792	0.00439410287452	0.0824794271039	0.0931947366932	0.0787459097732	0.220771422199	0.0780627959676	0.428289872664	6.98259326819
1950s	Electricity	USA_NV_Las.Vegas-McCarran.Intl.AP.723860_TMY3.epw	G3200030001003	3.0	0.0315822432941	0.0781196537994	0.0619366859301	0.0479924900449	0.553772234423	0.0944719227754	0.0253149203756	0.0738798928059	0.00670301324635	0.0262269433057	30.7440302591
1950s	Electricity	USA_NV_Las.Vegas-McCarran.Intl.AP.723860_TMY3.epw	G3200030001004	3.0	0.0631065249334	0.11921336229	0.0788918761387	0.0376576967604	0.487264861453	0.054529844543	0.0952441573056	0.0287217874945	0.00702259861037	0.0283472904712	49.9188279291
1950s	Electricity	USA_NV_Las.Vegas-McCarran.Intl.AP.723860_TMY3.epw	G3200030001005	3.0	0.00639412937865	0.040474791504	0.0503433761523	0.0100705216918	0.734648299512	0.0319298883859	0.0153407889562	0.0310216788506	0.012835018089	0.0669415074793	20.5874544397
1950s	Electricity	USA_NV_Las.Vegas-McCarran.Intl.AP.723860_TMY3.epw	G3200030001006	3.0	0.0367675312926	0.0557589394942	0.0882436571304	0.0553819631432	0.76384790894	0.0	0.0	0.0	0.0	0.0	25.5506137967
1950s	Electricity	USA_NV_Las.Vegas-McCarran.Intl.AP.723860_TMY3.epw	G3200030001100	3.0	0.0	0.0	0.0	0.0	0.0	0.280781357799	0.0610218835964	0.270943726541	0.0563203265625	0.330932705501	8.90630138115
1950s	Electricity	USA_NV_Las.Vegas-McCarran.Intl.AP.723860_TMY3.epw	G3200030001200	3.0	0.0747279431855	0.0326589735198	0.0970844384156	0.0857997350096	0.48222450149	0.0580784134701	0.0162413466394	0.0663641954364	0.0183806835429	0.0684397692911	196.87494344
1950s	Electricity	USA_NV_Las.Vegas-McCarran.Intl.AP.723860_TMY3.epw	G3200030001300	3.0	0.116952243434	0.0963094325047	0.151902832938	0.0574150153279	0.338551510528	0.0317981308669	0.017147630856	0.0690276164829	0.0311945807318	0.0897010063291	283.654824696
1950s	Electricity	USA_NV_Las.Vegas-McCarran.Intl.AP.723860_TMY3.epw	G3200030001401	3.0	0.0221969128555	0.145660735063	0.246044850438	0.12279237498	0.317150221819	0.0380682535428	0.0259921445933	0.0514433119693	0.00614178372211	0.0245094110165	110.786120683
1950s	Electricity	USA_NV_Las.Vegas-McCarran.Intl.AP.723860_TMY3.epw	G3200030001402	3.0	0.0788579518216	0.0564859184525	0.169832561367	0.0667006139502	0.340194862589	0.109529262543	0.038282663866	0.0772658376825	0.00523143498764	0.0576188927399	129.804747367
1950s	Electricity	USA_NV_Las.Vegas-McCarran.Intl.AP.723860_TMY3.epw	G3200030001501	3.0	0.0	0.0	0.0	0.0	0.0	0.319131674413	0.325805859077	0.117547053474	0.00473132875232	0.232784084283	5.30895818397
1950s	Electricity	USA_NV_Las.Vegas-McCarran.Intl.AP.723860_TMY3.epw	G3200030001502	3.0	0.000133803316654	0.000241503622394	0.0704232919678	0.0272489631987	0.0455228709513	0.220399146622	0.355328337114	0.0985872042207	0.0050582256771	0.177056653309	18.250551306
1950s	Electricity	USA_NV_Las.Vegas-McCarran.Intl.AP.723860_TMY3.epw	G3200030001608	3.0	0.107725702088	0.00743379249282	0.176345498531	0.0320656223749	0.130430590691	0.278372283023	0.079920422696	0.0473270028657	0.00147979013741	0.1388992951	8.36003167146
1950s	Electricity	USA_NV_Las.Vegas-McCarran.Intl.AP.723860_TMY3.epw	G3200030001610	3.0	0.0	0.0	0.0	0.0	0.0	0.587129989644	0.0951377384342	0.0712984311059	0.00271948837167	0.243714352445	8.60331914329
1950s	Electricity	USA_NV_Las.Vegas-McCarran.Intl.AP.723860_TMY3.epw	G3200030001611	3.0	0.191792698911	0.0330415368336	0.113330213043	0.153309197865	0.508526353348	0.0	0.0	0.0	0.0	0.0	3.64638815858
1950s	Electricity	USA_NV_Las.Vegas-McCarran.Intl.AP.723860_TMY3.epw	G3200030001613	3.0	0.296854015137	0.034884217131	0.172479704816	0.144692768754	0.207139604483	0.0472663410832	0.0419563122372	0.0257005317073	0.000959945008497	0.0280665596419	31.1545653488
1950s	Electricity	USA_NV_Las.Vegas-McCarran.Intl.AP.723860_TMY3.epw	G3200030001706	3.0	0.0854657728614	0.00188176061915	0.852294804441	0.0556466550474	0.00471100703057	0.0	0.0	0.0	0.0	0.0	0.510453207846
1950s	Electricity	USA_NV_Las.Vegas-McCarran.Intl.AP.723860_TMY3.epw	G3200030001709	3.0	0.0453857197191	0.0257994523187	0.259866308105	0.316662382856	0.352286137002	0.0	0.0	0.0	0.0	0.0	1.38491294024
1950s	Electricity	USA_NV_Las.Vegas-McCarran.Intl.AP.723860_TMY3.epw	G3200030001710	3.0	0.0535240087598	0.0325015522466	0.0734716287775	0.071319738905	0.0837491128331	0.20192594679	0.132425356796	0.0636433652369	0.00446031513928	0.282978974516	4.2503168982
1950s	Electricity	USA_NV_Las.Vegas-McCarran.Intl.AP.723860_TMY3.epw	G3200030001713	3.0	0.0202051585096	0.00400282238889	0.0584451006866	0.0870540784029	0.157591039782	0.439792463658	0.130724633228	0.0368079434963	0.00136788216694	0.06400887768	3.69104892543
1950s	Electricity	USA_NV_Las.Vegas-McCarran.Intl.AP.723860_TMY3.epw	G3200030001715	3.0	0.0883344303775	0.0434355826709	0.273736109989	0.178517572911	0.415976304051	0.0	0.0	0.0	0.0	0.0	5.10204803864
1950s	Electricity	USA_NV_Las.Vegas-McCarran.Intl.AP.723860_TMY3.epw	G3200030001716	3.0	0.0	0.0	0.0	0.0	0.0	0.624366251437	0.161306381063	0.0953758566457	0.00232995257042	0.116621558285	6.27399720097
1950s	Electricity	USA_NV_Las.Vegas-McCarran.Intl.AP.723860_TMY3.epw	G3200030001717	3.0	0.134286248714	0.0443556129248	0.251672547578	0.0705173178367	0.312383812467	0.0637114464732	0.00278480057714	0.106160804111	0.00831320686023	0.00581420245871	3.97132486236
1950s	Electricity	USA_NV_Las.Vegas-McCarran.Intl.AP.723860_TMY3.epw	G3200030001718	3.0	0.0382545611147	0.00531960287733	0.0264845880788	0.0232416515135	0.0881067135537	0.367207368627	0.170799630844	0.115994746143	0.00721371258754	0.157377424661	13.1586325425
1950s	Electricity	USA_NV_Las.Vegas-McCarran.Intl.AP.723860_TMY3.epw	G3200030001803	3.0	0.0663377926159	0.0131019774676	0.07344078453	0.00631685743315	0.0499783936646	0.346422900762	0.213027733536	0.211347234017	0.0134793401619	0.00654698581194	11.5502890997
1950s	Electricity	USA_NV_Las.Vegas-McCarran.Intl.AP.723860_TMY3.epw	G3200030001804	3.0	0.0	0.0	0.0	0.0	0.0	0.47953595084	0.290525157476	0.223898441504	0.00566242638036	0.000378023798697	6.70025366463
1950s	Electricity	USA_NV_Las.Vegas-McCarran.Intl.AP.723860_TMY3.epw	G3200030001901	3.0	0.0124626825799	0.023026639956	0.368312684376	0.0255390451103	0.0484099361689	0.172900723267	0.0942707688538	0.225549043989	0.00925086675796	0.0202776089406	5.31242165121
1950s	Electricity	USA_NV_Las.Vegas-McCarran.Intl.AP.723860_TMY3.epw	G3200030001902	3.0	0.334772408082	0.0118395895007	0.0741480346787	0.0888405588066	0.109503359461	0.230386681424	0.0385155113804	0.101583368981	0.00628330781698	0.00412717986829	11.4094113847
1950s	Electricity	USA_NV_Las.Vegas-McCarran.Intl.AP.723860_TMY3.epw	G3200030002000	3.0	0.0851676618855	0.00580744682801	0.0182691052412	0.0287283994733	0.862027386572	0.0	0.0	0.0	0.0	0.0	2.60329114092
1950s	Electricity	USA_NV_Las.Vegas-McCarran.Intl.AP.723860_TMY3.epw	G3200030002201	3.0	0.0314374498024	0.446178787462	0.145574388767	0.0681432558032	0.308666118166	0.0	0.0	0.0	0.0	0.0	2.22773888659
1950s	Electricity	USA_NV_Las.Vegas-McCarran.Intl.AP.723860_TMY3.epw	G3200030002203	3.0	0.00790122191785	0.0454195435017	0.0818223324031	0.0168528287169	0.216829780795	0.330533754615	0.0233724139723	0.194170379469	0.003189036058	0.0799087085504	23.4814468923
1950s	Electricity	USA_NV_Las.Vegas-McCarran.Intl.AP.723860_TMY3.epw	G3200030002302	3.0	0.0	0.0	0.0	0.0	0.0	0.0	0.0	0.0	0.0	0.0	0.0
1950s	Electricity	USA_NV_Las.Vegas-McCarran.Intl.AP.723860_TMY3.epw	G3200030002406	3.0	0.127218510724	0.0508523940954	0.344424702456	0.248881761443	0.228622631282	0.0	0.0	0.0	0.0	0.0	8.71440704143
1950s	Electricity	USA_NV_Las.Vegas-McCarran.Intl.AP.723860_TMY3.epw	G3200030002501	3.0	0.262866769191	0.0302354081169	0.130469581563	0.102283566568	0.474144674562	0.0	0.0	0.0	0.0	0.0	2.77656390487
1950s	Electricity	USA_NV_Las.Vegas-McCarran.Intl.AP.723860_TMY3.epw	G3200030002506	3.0	0.0	0.0	0.0	0.0	0.0	0.230999654369	0.21476902016	0.520977445942	0.0332538795283	0.0	0.618565928115
1950s	Electricity	USA_NV_Las.Vegas-McCarran.Intl.AP.723860_TMY3.epw	G3200030002808	3.0	0.00746403240007	0.000170649393663	0.00413801804063	0.000209700378893	0.13324449743	0.0368157211632	0.0126183834367	0.0600525399501	0.00934013599622	0.73594632181	3.28690548188
1950s	Electricity	USA_NV_Las.Vegas-McCarran.Intl.AP.723860_TMY3.epw	G3200030002814	3.0	4.13607414073e-05	1.19121177361e-06	4.08616011993e-06	0.0	0.999953361887	0.0	0.0	0.0	0.0	0.0	4.37049739912
1950s	Electricity	USA_NV_Las.Vegas-McCarran.Intl.AP.723860_TMY3.epw	G3200030002822	3.0	0.410800634972	0.0222021924043	0.134037536111	0.189471653628	0.243487982885	0.0	0.0	0.0	0.0	0.0	6.74162645164
1950s	Electricity	USA_NV_Las.Vegas-McCarran.Intl.AP.723860_TMY3.epw	G3200030002823	3.0	0.124140290719	0.194494280773	0.60427359285	0.0112166402072	0.0658751954503	0.0	0.0	0.0	0.0	0.0	2.05293389444
1950s	Electricity	USA_NV_Las.Vegas-McCarran.Intl.AP.723860_TMY3.epw	G3200030002824	3.0	0.148767096623	0.0418216538471	0.398524046599	0.0916732904804	0.227097867859	0.0428650459477	0.00346341100504	0.0300881546945	5.91135263912e-06	0.0156935215919	7.11031047903
1950s	Electricity	USA_NV_Las.Vegas-McCarran.Intl.AP.723860_TMY3.epw	G3200030002825	3.0	0.0214264914762	0.0023482589036	0.159301377953	0.0102106428118	0.0149453416273	0.490041808897	0.0973937893069	0.187282188259	0.0118407288938	0.00520937187244	4.31043663181
1950s	Electricity	USA_NV_Las.Vegas-McCarran.Intl.AP.723860_TMY3.epw	G3200030002826	3.0	0.0433466344273	0.056091564359	0.192650439931	0.145351178558	0.562560182725	0.0	0.0	0.0	0.0	0.0	1.34595807901
1950s	Electricity	USA_NV_Las.Vegas-McCarran.Intl.AP.723860_TMY3.epw	G3200030002829	3.0	0.150814071179	2.88133364817e-05	0.000640625176404	3.69411680671e-05	0.84847954914	0.0	0.0	0.0	0.0	0.0	0.146459677835
1950s	Electricity	USA_NV_Las.Vegas-McCarran.Intl.AP.723860_TMY3.epw	G3200030002831	3.0	0.00876744527982	6.86184476882e-05	0.040801142024	7.9764377256e-05	0.950283029871	0.0	0.0	0.0	0.0	0.0	0.413418234888
1950s	Electricity	USA_NV_Las.Vegas-McCarran.Intl.AP.723860_TMY3.epw	G3200030002834	3.0	2.35368279389e-07	2.32769863867e-07	4.60543433902e-06	1.27817338921e-06	0.068178527632	0.106335386217	0.046003169876	0.065719013992	0.0512805436362	0.662477006901	3.1160355592
1950s	Electricity	USA_NV_Las.Vegas-McCarran.Intl.AP.723860_TMY3.epw	G3200030002841	3.0	0.0162421253631	0.00316850098163	0.189018980541	0.00162314856387	0.78994724455	0.0	0.0	0.0	0.0	0.0	0.113846511775
1950s	Electricity	USA_NV_Las.Vegas-McCarran.Intl.AP.723860_TMY3.epw	G3200030002844	3.0	0.0531802880181	0.00737178051277	0.645118650105	0.0116137878896	0.282715493474	0.0	0.0	0.0	0.0	0.0	0.32007690741
1950s	Electricity	USA_NV_Las.Vegas-McCarran.Intl.AP.723860_TMY3.epw	G3200030002938	3.0	0.616259915972	0.114677232968	0.0	0.0	0.0	0.269062832636	2.71258152078e-09	7.33514216068e-09	6.64663039948e-11	8.30997732404e-09	0.0182881940973
1950s	Electricity	USA_NV_Las.Vegas-McCarran.Intl.AP.723860_TMY3.epw	G3200030002939	3.0	0.848286390015	0.11187783879	0.0100096797904	0.00235405014234	0.0274720412625	0.0	0.0	0.0	0.0	0.0	0.0123942614122
1950s	Electricity	USA_NV_Las.Vegas-McCarran.Intl.AP.723860_TMY3.epw	G3200030002941	3.0	1.0	1.92917381023e-114	0.0	0.0	0.0	0.0	0.0	0.0	0.0	0.0	0.00165533700634
1950s	Electricity	USA_NV_Las.Vegas-McCarran.Intl.AP.723860_TMY3.epw	G3200030002947	3.0	0.0117957572029	0.00133721999448	0.0	0.0	0.0	0.00172104960786	0.951084228601	0.0	0.0	0.0340617445934	0.901116231888
1950s	Electricity	USA_NV_Las.Vegas-McCarran.Intl.AP.723860_TMY3.epw	G3200030002961	3.0	0.0	0.0	0.0	0.0	0.0	0.588800355888	0.343987073732	0.0103969391809	0.00444388731365	0.0523717438852	0.0223025536385
1950s	Electricity	USA_NV_Las.Vegas-McCarran.Intl.AP.723860_TMY3.epw	G3200030002969	3.0	0.199843317303	0.097627703145	0.210870888311	0.240936120114	0.250721971126	0.0	0.0	0.0	0.0	0.0	2.35249913791
1950s	Electricity	USA_NV_Las.Vegas-McCarran.Intl.AP.723860_TMY3.epw	G3200030002976	3.0	0.92968212091	0.0703178790897	1.08347724051e-151	6.63609717155e-153	1.54676414573e-151	0.0	0.0	0.0	0.0	0.0	0.014662156046
1950s	Electricity	USA_NV_Las.Vegas-McCarran.Intl.AP.723860_TMY3.epw	G3200030002978	3.0	1.85631894567e-186	4.39952117789e-186	0.10921226474	0.377794189438	0.512993545822	0.0	0.0	0.0	0.0	0.0	0.046881266577
1950s	Electricity	USA_NV_Las.Vegas-McCarran.Intl.AP.723860_TMY3.epw	G3200030002980	3.0	0.0	0.0	0.0	0.0	1.0	0.0	0.0	0.0	0.0	0.0	0.0820668461765
1950s	Electricity	USA_NV_Las.Vegas-McCarran.Intl.AP.723860_TMY3.epw	G3200030002985	3.0	0.0	0.0	0.0	0.0	0.0	0.290603206639	0.0415569019678	0.12481329457	0.0385791026587	0.504447494165	3.43021443782
1950s	Electricity	USA_NV_Las.Vegas-McCarran.Intl.AP.723860_TMY3.epw	G3200030003001	3.0	0.0753126651253	0.0903307845783	0.0288223317721	0.0155113738123	0.226762602347	0.131107052025	0.0905175998804	0.194668669365	0.0181019442691	0.128864976826	18.8241193104
1950s	Electricity	USA_NV_Las.Vegas-McCarran.Intl.AP.723860_TMY3.epw	G3200030003005	3.0	0.342110252746	0.102128223715	0.0879665715631	0.023350469606	0.44444448237	0.0	0.0	0.0	0.0	0.0	0.873554692818
1950s	Electricity	USA_NV_Las.Vegas-McCarran.Intl.AP.723860_TMY3.epw	G3200030003006	3.0	0.114548401842	0.0375412777535	0.0281883186014	0.0115704287879	0.192306665074	0.284003304162	0.00984403753959	0.228450408177	0.00959239732966	0.0839547607318	3.09677169822
1950s	Electricity	USA_NV_Las.Vegas-McCarran.Intl.AP.723860_TMY3.epw	G3200030003102	3.0	0.0	0.0	0.0	0.0	0.0	0.653983307995	0.0450210934791	0.174139196339	0.0111948153017	0.115661586885	0.727655203941
1950s	Electricity	USA_NV_Las.Vegas-McCarran.Intl.AP.723860_TMY3.epw	G3200030003211	3.0	0.00258214532986	0.000320485894468	5.55556622527e-05	2.81503146151e-05	0.000200666076932	0.00495775581521	0.0285561628378	0.0384858461579	0.00361368780693	0.921199544104	1.30051756271
1950s	Electricity	USA_NV_Las.Vegas-McCarran.Intl.AP.723860_TMY3.epw	G3200030003219	3.0	0.0	0.0	0.0	0.0	0.0	0.103904884055	0.0361898724756	0.0583300251565	0.0138240813237	0.787751136989	6.08608117052
1950s	Electricity	USA_NV_Las.Vegas-McCarran.Intl.AP.723860_TMY3.epw	G3200030003228	3.0	0.0627073546612	0.0911297149404	0.0868236168075	0.0537272272736	0.705612086317	0.0	0.0	0.0	0.0	0.0	1.27548614872
1950s	Electricity	USA_NV_Las.Vegas-McCarran.Intl.AP.723860_TMY3.epw	G3200030003232	3.0	0.00913503307311	0.00703041036447	0.0887938274108	0.140201576734	0.754839152418	0.0	0.0	0.0	0.0	0.0	6.9175934507
1950s	Electricity	USA_NV_Las.Vegas-McCarran.Intl.AP.723860_TMY3.epw	G3200030003233	3.0	0.0976013391053	0.013374889578	0.0366877966593	0.0288693786037	0.823466596054	0.0	0.0	0.0	0.0	0.0	3.52105963005
1950s	Electricity	USA_NV_Las.Vegas-McCarran.Intl.AP.723860_TMY3.epw	G3200030003236	3.0	0.0	0.0	0.0	0.0	0.0	0.0542942512926	0.12623491055	0.28410831984	0.061774541496	0.473587976821	17.3009433793
1950s	Electricity	USA_NV_Las.Vegas-McCarran.Intl.AP.723860_TMY3.epw	G3200030003241	3.0	0.0236898437712	0.00488635705168	0.00589676783601	0.00228928508371	0.963237746257	0.0	0.0	0.0	0.0	0.0	1.74529325137
1950s	Electricity	USA_NV_Las.Vegas-McCarran.Intl.AP.723860_TMY3.epw	G3200030003254	3.0	0.000408715660991	0.00165313664063	0.000279149407213	0.0034318701941	0.0214637754205	0.0214249836921	0.0320117807743	0.123599273796	0.0232234350684	0.772503879345	0.637804263639
1950s	Electricity	USA_NV_Las.Vegas-McCarran.Intl.AP.723860_TMY3.epw	G3200030003303	3.0	0.0086878453316	0.00608491219669	0.0117868913363	0.0017587952939	0.885833761816	0.0309372689815	0.00545951805557	0.0	0.0	0.0494510069884	0.430977242936
1950s	Electricity	USA_NV_Las.Vegas-McCarran.Intl.AP.723860_TMY3.epw	G3200030003306	3.0	0.0254630570343	0.0160917591588	0.00712758170545	0.000778472712127	0.950539129389	0.0	0.0	0.0	0.0	0.0	0.178867337382
1950s	Electricity	USA_NV_Las.Vegas-McCarran.Intl.AP.723860_TMY3.epw	G3200030003309	3.0	0.00391668849722	0.0	0.0	0.0	0.996083311503	0.0	0.0	0.0	0.0	0.0	0.237282792199
1950s	Electricity	USA_NV_Las.Vegas-McCarran.Intl.AP.723860_TMY3.epw	G3200030003310	3.0	0.00710413199913	0.00306124737488	0.00177888712085	0.000790313781371	0.987265419724	0.0	0.0	0.0	0.0	0.0	5.67164624703
1950s	Electricity	USA_NV_Las.Vegas-McCarran.Intl.AP.723860_TMY3.epw	G3200030003314	3.0	0.0105677823841	0.00688763797696	0.0144100410001	0.00428666179987	0.963847876839	0.0	0.0	0.0	0.0	0.0	1.26220084662
1950s	Electricity	USA_NV_Las.Vegas-McCarran.Intl.AP.723860_TMY3.epw	G3200030003318	3.0	0.00469306204764	0.00115016365369	0.000678340563522	0.000329967001144	0.993148466734	0.0	0.0	0.0	0.0	0.0	0.163231753875
1950s	Electricity	USA_NV_Las.Vegas-McCarran.Intl.AP.723860_TMY3.epw	G3200030003321	3.0	0.0	0.0	0.0	0.0	1.0	0.0	0.0	0.0	0.0	0.0	0.156024791123
1950s	Electricity	USA_NV_Las.Vegas-McCarran.Intl.AP.723860_TMY3.epw	G3200030003411	3.0	0.004239790724	0.000355269433121	0.000469890985593	0.000238499632312	0.994696549225	0.0	0.0	0.0	0.0	0.0	2.40346605532
1950s	Electricity	USA_NV_Las.Vegas-McCarran.Intl.AP.723860_TMY3.epw	G3200030003413	3.0	0.00193970186639	0.00723941642335	0.0513697652391	0.0492279306724	0.375498074389	0.440487490937	0.0168250654793	0.0221155579181	0.00440591290735	0.0308910841679	9.07035998422
1950s	Electricity	USA_NV_Las.Vegas-McCarran.Intl.AP.723860_TMY3.epw	G3200030003416	3.0	0.011911714055	0.000219336653325	0.000711644113618	0.000920537443346	0.327152788281	0.59840358825	0.0130451477248	0.012580131981	0.00663388481205	0.0284212266859	6.60825353734
1950s	Electricity	USA_NV_Las.Vegas-McCarran.Intl.AP.723860_TMY3.epw	G3200030003419	3.0	0.0238596423449	0.100284710993	0.243890193907	0.0328336233549	0.194055139155	0.213889547235	0.0907196080884	0.053916608797	0.00175727565471	0.0447936504702	11.8898526552
1950s	Electricity	USA_NV_Las.Vegas-McCarran.Intl.AP.723860_TMY3.epw	G3200030003420	3.0	0.0	0.0	0.0	0.0	0.0	0.446676697066	0.0983920838945	0.304638258199	0.00499288939054	0.14530007145	6.49653194062
1950s	Electricity	USA_NV_Las.Vegas-McCarran.Intl.AP.723860_TMY3.epw	G3200030003423	3.0	0.0293654968584	0.183377900109	0.198393847431	0.0675618014438	0.521300954159	0.0	0.0	0.0	0.0	0.0	15.1753933917
1950s	Electricity	USA_NV_Las.Vegas-McCarran.Intl.AP.723860_TMY3.epw	G3200030003426	3.0	0.0152831290958	0.00814120258782	0.231669286281	0.189175234508	0.555731147527	0.0	0.0	0.0	0.0	0.0	4.49440039847
1950s	Electricity	USA_NV_Las.Vegas-McCarran.Intl.AP.723860_TMY3.epw	G3200030003427	3.0	0.0402696562356	0.00410213500066	0.027620242225	0.0175812496298	0.910426716909	0.0	0.0	0.0	0.0	0.0	4.42282497219
1950s	Electricity	USA_NV_Las.Vegas-McCarran.Intl.AP.723860_TMY3.epw	G3200030003429	3.0	0.00894526044854	0.0140185160102	0.0593714207448	0.0125049104457	0.173745830711	0.390630188385	0.103202801584	0.07274236879	0.00817172018295	0.156666982698	31.853125919
1950s	Electricity	USA_NV_Las.Vegas-McCarran.Intl.AP.723860_TMY3.epw	G3200030003430	3.0	0.163918209018	0.0769844760717	0.167958435083	0.0673247947257	0.21930379772	0.0330620511566	0.0308798663416	0.0735368195467	0.0186720636423	0.148359486695	7.00838935076
1950s	Electricity	USA_NV_Las.Vegas-McCarran.Intl.AP.723860_TMY3.epw	G3200030003500	3.0	0.343185347021	0.0360980910908	0.12163030452	0.0761040258985	0.158968858663	0.0766192155524	0.0175477789623	0.119854261821	0.0210019430681	0.0289901734029	37.4096845424
1950s	Electricity	USA_NV_Las.Vegas-McCarran.Intl.AP.723860_TMY3.epw	G3200030003607	3.0	0.0	0.0	0.0	0.0	0.0	0.261269956489	0.0606803793661	0.176096169236	0.110824315692	0.391129179218	7.19821709393
1950s	Electricity	USA_NV_Las.Vegas-McCarran.Intl.AP.723860_TMY3.epw	G3200030003616	3.0	0.0760030011442	0.0349883995391	0.0581773672161	0.0135035133852	0.621554529209	0.195773189507	0.0	0.0	0.0	0.0	0.218359647104
1950s	Electricity	USA_NV_Las.Vegas-McCarran.Intl.AP.723860_TMY3.epw	G3200030003619	3.0	0.122278695615	0.243582794675	0.327168183562	0.0815091640147	0.225461162134	0.0	0.0	0.0	0.0	0.0	0.997295370099
1950s	Electricity	USA_NV_Las.Vegas-McCarran.Intl.AP.723860_TMY3.epw	G3200030003628	3.0	0.16651020832	0.245356015545	0.368859105924	0.120306893436	0.0989677767746	0.0	0.0	0.0	0.0	0.0	6.72049920698
1950s	Electricity	USA_NV_Las.Vegas-McCarran.Intl.AP.723860_TMY3.epw	G3200030003629	3.0	0.00826267600636	0.0116704120414	0.00422240066395	0.0059845824992	0.969859928789	0.0	0.0	0.0	0.0	0.0	0.920058980511
1950s	Electricity	USA_NV_Las.Vegas-McCarran.Intl.AP.723860_TMY3.epw	G3200030003633	3.0	0.0	0.0	0.0	0.0	0.0	0.531083185523	0.124899241867	0.108197105141	0.0529741655917	0.182846301878	0.998768125859
1950s	Electricity	USA_NV_Las.Vegas-McCarran.Intl.AP.723860_TMY3.epw	G3200030003634	3.0	1.0	0.0	0.0	0.0	0.0	0.0	0.0	0.0	0.0	0.0	4.2570803964
1950s	Electricity	USA_NV_Las.Vegas-McCarran.Intl.AP.723860_TMY3.epw	G3200030003635	3.0	0.0	0.0	0.0	0.0	0.0	0.170237781231	0.012465345697	0.0584995552063	0.0554576659422	0.703339651924	0.685321936255
1950s	Electricity	USA_NV_Las.Vegas-McCarran.Intl.AP.723860_TMY3.epw	G3200030003637	3.0	0.327454887047	0.214448470275	0.319280964338	0.0884704283744	0.050345249966	0.0	0.0	0.0	0.0	0.0	0.965950616028
1950s	Electricity	USA_NV_Las.Vegas-McCarran.Intl.AP.723860_TMY3.epw	G3200030003700	3.0	0.0785039780716	0.114139905792	0.354004545446	0.060073297668	0.0596626754208	0.132145444102	0.115266078507	0.0131492101323	0.0138666327069	0.0591882321535	39.5708323865
1950s	Electricity	USA_NV_Las.Vegas-McCarran.Intl.AP.723860_TMY3.epw	G3200030003800	3.0	0.128158200197	0.0223642766453	0.247296819392	0.080556513035	0.0623466552408	0.241036632885	0.175190925204	0.0276273741883	0.00337821623358	0.0120443869784	36.4868914854
1950s	Electricity	USA_NV_Las.Vegas-McCarran.Intl.AP.723860_TMY3.epw	G3200030004000	3.0	0.0620080145439	0.0615113608935	0.150626950136	0.12627686135	0.179390743219	0.140545605904	0.110117360547	0.0807649867844	0.0251491206741	0.0636089959487	98.4137532347
1950s	Electricity	USA_NV_Las.Vegas-McCarran.Intl.AP.723860_TMY3.epw	G3200030004100	3.0	0.294773125708	0.107580423587	0.159370769596	0.0464464842501	0.0603741124877	0.105500792768	0.0762369714615	0.0852551619629	0.0265541395685	0.0379080186105	80.6766881435
1950s	Electricity	USA_NV_Las.Vegas-McCarran.Intl.AP.723860_TMY3.epw	G3200030004200	3.0	0.0326008364971	0.0364396843986	0.069870639645	0.00734788636988	0.00785846350204	0.317925662025	0.0900106504164	0.268997982526	0.0400772168533	0.128870977767	19.9692037043
1950s	Electricity	USA_NV_Las.Vegas-McCarran.Intl.AP.723860_TMY3.epw	G3200030004301	3.0	0.0	0.0	0.0	0.0	0.0	0.202248823761	0.195951644568	0.379712302628	0.159615730549	0.0624714984946	5.62797889637
1950s	Electricity	USA_NV_Las.Vegas-McCarran.Intl.AP.723860_TMY3.epw	G3200030004302	3.0	0.0327618922922	0.094539856495	0.122005952584	0.0899139265171	0.0795207127117	0.198843850193	0.107474123494	0.17183051143	0.0481635078179	0.0549456664654	59.137514124
1950s	Electricity	USA_NV_Las.Vegas-McCarran.Intl.AP.723860_TMY3.epw	G3200030004401	3.0	0.119048259287	0.0474447044094	0.150558122983	0.0645241413896	0.0699903215435	0.164677834037	0.111642722258	0.0860305077537	0.0660712809469	0.120012105391	69.6424153209
1950s	Electricity	USA_NV_Las.Vegas-McCarran.Intl.AP.723860_TMY3.epw	G3200030004402	3.0	0.0688363363393	0.0367011025192	0.0799869827349	0.00823277918321	0.0124287941603	0.410115497333	0.166915783745	0.164924966941	0.0208944343109	0.0309633227323	17.4900937476
1950s	Electricity	USA_NV_Las.Vegas-McCarran.Intl.AP.723860_TMY3.epw	G3200030004500	3.0	0.204991054522	0.0924123461955	0.175990211694	0.0554703349413	0.0617411024536	0.193850968139	0.0950037968695	0.0379215611202	0.0149170324979	0.0677015915663	61.4035143697
1950s	Electricity	USA_NV_Las.Vegas-McCarran.Intl.AP.723860_TMY3.epw	G3200030004602	3.0	2.25409906861e-05	0.108994410163	0.138433654952	0.000545194144974	0.000867048913253	0.148567190322	0.14028973928	0.3545176101	0.0638782411724	0.0438843699621	4.74169943771
1950s	Electricity	USA_NV_Las.Vegas-McCarran.Intl.AP.723860_TMY3.epw	G3200030004707	3.0	0.0958376645962	0.069212371066	0.146286660218	0.182917546623	0.505745757497	0.0	0.0	0.0	0.0	0.0	6.09792961251
1950s	Electricity	USA_NV_Las.Vegas-McCarran.Intl.AP.723860_TMY3.epw	G3200030004713	3.0	0.0	0.0	0.0	0.0	0.0	0.0655183867406	0.127860364209	0.487583643204	0.035322730122	0.283714875724	7.72662274384
1950s	Electricity	USA_NV_Las.Vegas-McCarran.Intl.AP.723860_TMY3.epw	G3200030004714	3.0	0.0554333648302	0.0675420296208	0.128257343257	0.0518868280807	0.188801175248	0.201862665837	0.060368095723	0.098161078225	0.0313328941864	0.116354524991	22.3962523601
1950s	Electricity	USA_NV_Las.Vegas-McCarran.Intl.AP.723860_TMY3.epw	G3200030004716	3.0	0.0	0.0	0.0	0.0	0.0	0.17159359091	0.0541335670471	0.23730128795	0.0175300220656	0.519441532027	4.05509154299
1950s	Electricity	USA_NV_Las.Vegas-McCarran.Intl.AP.723860_TMY3.epw	G3200030004717	3.0	0.0698239674144	0.0403370882775	0.164728313061	0.120682801806	0.190926543829	0.12312487146	0.028056990485	0.0500907985476	0.065379446969	0.14684917815	10.9114559683
1950s	Electricity	USA_NV_Las.Vegas-McCarran.Intl.AP.723860_TMY3.epw	G3200030004907	3.0	0.0215567432363	0.0446820781972	0.155027083756	0.0539736405864	0.724760454224	0.0	0.0	0.0	0.0	0.0	3.44690828009
1950s	Electricity	USA_NV_Las.Vegas-McCarran.Intl.AP.723860_TMY3.epw	G3200030004910	3.0	0.227310402052	0.271638158309	0.184388744602	0.100966698222	0.215695996815	0.0	0.0	0.0	0.0	0.0	1.19935153839
1950s	Electricity	USA_NV_Las.Vegas-McCarran.Intl.AP.723860_TMY3.epw	G3200030004914	3.0	0.0938113681625	0.0436306370718	0.168064979492	0.122172367026	0.572320648248	0.0	0.0	0.0	0.0	0.0	10.444744972
1950s	Electricity	USA_NV_Las.Vegas-McCarran.Intl.AP.723860_TMY3.epw	G3200030004915	3.0	0.101399125694	0.154985060485	0.228469999819	0.10694283373	0.408202980272	0.0	0.0	0.0	0.0	0.0	11.3077203655
1950s	Electricity	USA_NV_Las.Vegas-McCarran.Intl.AP.723860_TMY3.epw	G3200030004916	3.0	0.120026633334	0.153452710508	0.125061078549	0.0846015730465	0.516858004563	0.0	0.0	0.0	0.0	0.0	32.0109711908
1950s	Electricity	USA_NV_Las.Vegas-McCarran.Intl.AP.723860_TMY3.epw	G3200030004921	3.0	0.0	0.0	0.0	0.0	0.0	0.0783511943604	0.0377048047512	0.206971656466	0.108572063457	0.568400280965	13.2398660873
1950s	Electricity	USA_NV_Las.Vegas-McCarran.Intl.AP.723860_TMY3.epw	G3200030004923	3.0	0.0	0.0	0.0	0.0	0.0	0.188811994464	0.0854081766423	0.00488315370422	0.000368408593135	0.720528266596	1.38105127117
1950s	Electricity	USA_NV_Las.Vegas-McCarran.Intl.AP.723860_TMY3.epw	G3200030004924	3.0	0.213160562536	0.167926869933	0.179948392572	0.155976597257	0.282987577702	0.0	0.0	0.0	0.0	0.0	3.49774255272
