Dependency=Vintage	Dependency=Heating Fuel	Dependency=Location EPW	Dependency=Location Census Tract	Dependency=County	Option=owner 0-30	Option=owner 30-50	Option=owner 50-80	Option=owner 80-100	Option=owner 100+	Option=renter 0-30	Option=renter 30-50	Option=renter 50-80	Option=renter 80-100	Option=renter 100+	Count
1950s	Electricity	USA_ID_Boise.Air.Terminal.726810_TMY3.epw	G1600010000100	1.0	0.000143859455807	0.000181799896287	0.0	0.0	0.238046631422	0.293999229443	0.0131777128995	0.0057299645592	0.146366853947	0.302353948377	5.31906162455
1950s	Electricity	USA_ID_Boise.Air.Terminal.726810_TMY3.epw	G1600010000201	1.0	0.0807564427683	0.101234295409	0.113445906546	0.0189854553016	0.613340990269	0.0722369097062	3.80150801744e-60	3.18981181471e-61	2.53697883862e-59	1.07924250036e-58	8.48278804523
1950s	Electricity	USA_ID_Boise.Air.Terminal.726810_TMY3.epw	G1600010000202	1.0	0.213925911947	0.00279683430296	0.00921894500206	0.000129186322124	0.32948304855	6.08827457811e-06	5.92971331886e-06	0.0153288863962	0.00503874834891	0.424066421143	11.0709006185
1950s	Electricity	USA_ID_Boise.Air.Terminal.726810_TMY3.epw	G1600010000302	1.0	0.0739016124614	0.0645290272273	0.0048673769339	0.000231460457321	0.0873796120413	0.16699246939	0.0983861776319	0.189809414703	0.171188082467	0.142714766686	17.7004343772
1950s	Electricity	USA_ID_Boise.Air.Terminal.726810_TMY3.epw	G1600010000304	1.0	0.091203411189	0.0154055388831	0.00823773247473	0.00208728786167	0.32672861608	0.0250191651724	0.0547923598879	0.0723508033207	0.0238065172199	0.380368567911	4.00761754237
1950s	Electricity	USA_ID_Boise.Air.Terminal.726810_TMY3.epw	G1600010000400	1.0	0.0943769360998	0.0312034457517	0.00235162158988	0.0028630274248	0.26654274304	0.33257261998	0.0477406143265	0.0675230806874	0.0217401906619	0.133085720437	52.3120649294
1950s	Electricity	USA_ID_Boise.Air.Terminal.726810_TMY3.epw	G1600010000500	1.0	0.0351157977945	0.07649246121	0.00695661947015	0.00167569966293	0.242313848409	0.433856356795	0.0979047707266	0.0428306607503	0.0315177818881	0.0313360032935	60.3582565568
1950s	Electricity	USA_ID_Boise.Air.Terminal.726810_TMY3.epw	G1600010000600	1.0	0.0924514930239	0.0517102893777	0.00322509268112	0.00138318306018	0.123816655073	0.126456536128	0.189030448644	0.19654094746	0.0386985834878	0.176686771065	17.7633989314
1950s	Electricity	USA_ID_Boise.Air.Terminal.726810_TMY3.epw	G1600010000701	1.0	0.0383682092294	0.0925272756969	0.186735305636	0.0835169968919	0.474745170531	0.0946327683977	7.51737833306e-05	0.00395193197773	0.0175811218715	0.00786604598458	20.8238682677
1950s	Electricity	USA_ID_Boise.Air.Terminal.726810_TMY3.epw	G1600010000702	1.0	0.00757873389005	0.0272218013424	0.176652449794	0.0236315187705	0.764915496203	0.0	0.0	0.0	0.0	0.0	4.63183319296
1950s	Electricity	USA_ID_Boise.Air.Terminal.726810_TMY3.epw	G1600010000802	1.0	0.0271371289376	0.0367720396355	0.196985704009	0.0434918860932	0.250803874824	0.178368693841	0.0134902196345	0.147339181343	0.0642456795282	0.0413655921532	20.3434844128
1950s	Electricity	USA_ID_Boise.Air.Terminal.726810_TMY3.epw	G1600010000803	1.0	0.0692849701965	0.0851622933245	0.260566351564	0.0153740353839	0.222076365029	0.0304045822126	0.0213094789282	0.0616604323061	0.0427022953542	0.191459195701	0.974681202034
1950s	Electricity	USA_ID_Boise.Air.Terminal.726810_TMY3.epw	G1600010000804	1.0	0.00132831030516	0.125927059304	0.391292491399	0.0589402310984	0.253071766682	0.0244069603555	0.0104563588985	0.0143011722112	0.066163343247	0.054112306499	15.5230674989
1950s	Electricity	USA_ID_Boise.Air.Terminal.726810_TMY3.epw	G1600010000805	1.0	0.02876251189	0.0449356540727	0.290454190023	0.0195491566791	0.616298487335	0.0	0.0	0.0	0.0	0.0	3.04007728823
1950s	Electricity	USA_ID_Boise.Air.Terminal.726810_TMY3.epw	G1600010000900	1.0	0.0097793808237	0.17967365342	0.312791466433	0.0844957139463	0.124830280851	0.23574446841	0.0365489677887	0.0115187692942	0.00246431725861	0.00215298177325	18.5118414382
1950s	Electricity	USA_ID_Boise.Air.Terminal.726810_TMY3.epw	G1600010001000	1.0	0.0138794373019	0.088182627916	0.0940013670975	0.0328357202232	0.47817255823	0.20818819728	0.0226635707334	0.0101596737464	0.0236058234723	0.0283110239997	66.7312551975
1950s	Electricity	USA_ID_Boise.Air.Terminal.726810_TMY3.epw	G1600010001100	1.0	0.000648541115373	6.67323042877e-40	0.00597405267652	0.00311002281191	0.159886442234	0.58072873544	0.12117204757	1.64444900349e-05	1.23157405343e-06	0.128462482088	18.6472321581
1950s	Electricity	USA_ID_Boise.Air.Terminal.726810_TMY3.epw	G1600010001201	1.0	0.0603456173102	0.184616109192	0.0681780239882	0.000968322944756	0.355313081703	0.195916417634	0.134506962419	4.28775612832e-06	7.08963612626e-07	0.000150468088946	22.1438546438
1950s	Electricity	USA_ID_Boise.Air.Terminal.726810_TMY3.epw	G1600010001202	1.0	0.274934619259	0.0467627366675	0.00228544259341	0.000261034514088	0.0633773689354	0.33985658573	0.115424870682	0.1079637296	0.0273555436402	0.0217780683779	18.2902401798
1950s	Electricity	USA_ID_Boise.Air.Terminal.726810_TMY3.epw	G1600010001400	1.0	0.0461321759672	0.0996794153923	0.254235035267	0.0687041118122	0.27120033077	0.158212424873	0.00158585922758	0.0815740459858	0.0086851379188	0.00999146278514	52.2680031478
1950s	Electricity	USA_ID_Boise.Air.Terminal.726810_TMY3.epw	G1600010001500	1.0	0.0532951205881	0.0802702492438	0.211840488477	0.140428382422	0.456425883596	0.036794362541	0.007856040133	7.34077542963e-09	0.00121958800817	0.0118698776498	45.7489361546
1950s	Electricity	USA_ID_Boise.Air.Terminal.726810_TMY3.epw	G1600010001600	1.0	0.0648008300153	0.0865979079744	0.349148362187	0.0937034117321	0.183900784069	0.035604710168	0.00452128554599	0.156685723922	0.00955029300151	0.0154866913849	41.2886750382
1950s	Electricity	USA_ID_Boise.Air.Terminal.726810_TMY3.epw	G1600010001700	1.0	0.0369631084425	0.0244417548645	0.259427796078	0.176535500783	0.275799684191	0.201976125345	0.0197537466205	0.000310170071641	0.0027558452322	0.00203626837226	40.1293934347
1950s	Electricity	USA_ID_Boise.Air.Terminal.726810_TMY3.epw	G1600010001800	1.0	0.0736273312096	0.0302333601886	0.255623026267	0.107124412252	0.45230924186	0.0640244080961	0.0157084411092	4.06096190849e-06	0.000310026617929	0.00103569143752	29.8312519447
1950s	Electricity	USA_ID_Boise.Air.Terminal.726810_TMY3.epw	G1600010001900	1.0	0.157507340256	0.0307847112614	0.0180005865493	0.00100053904065	0.110846628842	0.14838362599	0.0636558491492	0.252774768591	0.0388953581727	0.178150592147	13.9518336891
1950s	Electricity	USA_ID_Boise.Air.Terminal.726810_TMY3.epw	G1600010002000	1.0	0.0042387156503	0.000833966870756	9.35767317301e-05	4.72791343995e-05	0.072659467922	0.499520357055	0.0736303612371	0.114856144318	0.0858445786709	0.148275552409	59.0091499234
1950s	Electricity	USA_ID_Boise.Air.Terminal.726810_TMY3.epw	G1600010002100	1.0	0.22567137506	0.0384813245465	0.173364053876	0.0504539328238	0.512029313694	0.0	0.0	0.0	0.0	0.0	0.601510643595
1950s	Electricity	USA_ID_Boise.Air.Terminal.726810_TMY3.epw	G1600010002221	1.0	0.000146168819221	0.000938551986732	0.000282024757329	0.000147528789938	4.26174332686e-05	0.231598001695	0.321734599135	0.301518436887	0.00430607502251	0.139285995473	7.4948205525
1950s	Electricity	USA_ID_Boise.Air.Terminal.726810_TMY3.epw	G1600010002222	1.0	0.0880659536816	0.870245691655	0.0175987364357	0.0164626183197	0.00762699990765	0.0	0.0	0.0	0.0	0.0	0.00286470528508
1950s	Electricity	USA_ID_Boise.Air.Terminal.726810_TMY3.epw	G1600010002223	1.0	0.00201490609289	0.949884100996	0.0308114328252	0.0138426890283	0.00344687105783	0.0	0.0	0.0	0.0	0.0	0.00536375076039
1950s	Electricity	USA_ID_Boise.Air.Terminal.726810_TMY3.epw	G1600010002224	1.0	0.537556230555	0.004294993793	0.00335763198387	0.00266415469437	0.452126988974	0.0	0.0	0.0	0.0	0.0	3.10007504018
1950s	Electricity	USA_ID_Boise.Air.Terminal.726810_TMY3.epw	G1600010002302	1.0	0.032627067345	0.0255453469185	0.00362868522145	0.00104134020857	0.189719473835	0.347718456885	0.0494342229674	0.122090395445	0.105075585563	0.123119425611	16.7228565458
1950s	Electricity	USA_ID_Boise.Air.Terminal.726810_TMY3.epw	G1600010002310	1.0	0.00971670396278	0.0	0.0	0.0	0.0	0.00649833781709	0.492129226872	0.467533094808	0.00329486862521	0.020827767915	2.22136257289
1950s	Electricity	USA_ID_Boise.Air.Terminal.726810_TMY3.epw	G1600010002312	1.0	0.111954645	0.0405699909324	0.00257723564148	0.001326731274	0.247787276393	0.218722089482	0.117775373392	0.0271001683068	0.0208804598912	0.211306029688	11.0310207546
1950s	Electricity	USA_ID_Boise.Air.Terminal.726810_TMY3.epw	G1600010002410	1.0	0.113722206812	0.156170849499	0.00381812923281	0.000158997940071	0.132641539186	0.15731055244	0.277773820427	1.13114685355e-05	1.29469685916e-06	0.158391298298	5.38843252579
1950s	Electricity	USA_ID_Boise.Air.Terminal.726810_TMY3.epw	G1600010002411	1.0	0.0826909456546	0.242659092002	0.00940802300553	0.00177899683652	0.663462942502	0.0	0.0	0.0	0.0	0.0	0.932717595269
1950s	Electricity	USA_ID_Boise.Air.Terminal.726810_TMY3.epw	G1600010002412	1.0	0.000928520256797	0.00126637606698	0.000272865954007	1.76262994067e-07	2.62027656095e-07	0.00553340908538	0.550484407058	0.286864862241	0.00338714793281	0.151261973115	3.11553847823
1950s	Electricity	USA_ID_Boise.Air.Terminal.726810_TMY3.epw	G1600010002413	1.0	0.00458692769532	0.902351069106	0.0784051027921	0.00183552576182	0.0128213746446	0.0	0.0	0.0	0.0	0.0	0.00253121997435
1950s	Electricity	USA_ID_Boise.Air.Terminal.726810_TMY3.epw	G1600010010100	1.0	0.309652608247	0.0792856696623	0.216488216359	0.0436036601545	0.350969845577	0.0	0.0	0.0	0.0	0.0	1.06813271998
1950s	Electricity	USA_ID_Boise.Air.Terminal.726810_TMY3.epw	G1600010010201	1.0	0.226724697512	0.0403150516496	0.156725739881	0.067464179721	0.314468447132	0.124325008828	0.00230842980746	0.0	0.0354380154458	0.0322304300228	11.6391964412
1950s	Electricity	USA_ID_Boise.Air.Terminal.726810_TMY3.epw	G1600010010221	1.0	0.0	0.0	0.0	0.0	0.0	0.000571926375965	0.0878866464934	0.250717836466	0.372464418451	0.288359172214	1.86555593068
1950s	Electricity	USA_ID_Boise.Air.Terminal.726810_TMY3.epw	G1600010010223	1.0	0.0485669733884	8.36534969108e-08	0.000638512733034	0.000197462678167	0.950596967547	0.0	0.0	0.0	0.0	0.0	1.03510886514
1950s	Electricity	USA_ID_Boise.Air.Terminal.726810_TMY3.epw	G1600010010224	1.0	0.400488972349	0.0274821483476	0.109473669842	0.0593496075937	0.403205601867	0.0	0.0	0.0	0.0	0.0	1.68559718776
1950s	Electricity	USA_ID_Boise.Air.Terminal.726810_TMY3.epw	G1600010010321	1.0	9.0641283386e-320	0.214999999999	0.785000000001	1.51085274498e-320	7.85564376888e-320	0.0	0.0	0.0	0.0	0.0	0.00327043097012
1950s	Electricity	USA_ID_Boise.Air.Terminal.726810_TMY3.epw	G1600010010322	1.0	3.18840912862e-296	0.000225993050836	0.000825137418168	1.87914688273e-297	4.99249453689e-297	0.0359709592959	0.457576476891	0.442615518103	0.00870039029444	0.054085524947	16.7148348203
1950s	Electricity	USA_ID_Boise.Air.Terminal.726810_TMY3.epw	G1600010010332	1.0	1.0	3.05826634776e-321	6.11159203906e-321	2.44562494691e-321	1.52814504259e-320	0.0	0.0	0.0	0.0	0.0	0.0080818551244
1950s	Electricity	USA_ID_Boise.Air.Terminal.726810_TMY3.epw	G1600010010334	1.0	0.0	0.0	0.0	0.0	0.0	0.756303932088	0.202550010452	9.88131291682e-324	4.94065645841e-324	0.0411460574603	1.37448883804
1950s	Electricity	USA_ID_Boise.Air.Terminal.726810_TMY3.epw	G1600010010335	1.0	0.653124846452	0.190217842591	0.0190405947079	0.076432193814	0.0611845224356	0.0	0.0	0.0	0.0	0.0	1.01576122905
1950s	Electricity	USA_ID_Boise.Air.Terminal.726810_TMY3.epw	G1600010010401	1.0	0.058624607674	0.140523032141	0.147730775349	0.00865683530394	0.116683830203	0.357432169078	0.0221837285368	0.0120246346318	0.0834351985928	0.0527051884902	24.7545249277
1950s	Electricity	USA_ID_Boise.Air.Terminal.726810_TMY3.epw	G1600010010402	1.0	0.0112395260687	0.885335320355	0.0776686617827	0.0188267760366	0.006929715757	0.0	0.0	0.0	0.0	0.0	0.0126147260967
1950s	Electricity	USA_ID_Boise.Air.Terminal.726810_TMY3.epw	G1600010010501	1.0	0.0330744859814	0.0627571627891	0.136051527812	0.118902380448	0.256789920126	0.0962823241433	0.00384300527563	0.129462462736	0.0885447917911	0.0742919388958	4.16713369619
1950s	Electricity	USA_ID_Boise.Air.Terminal.726810_TMY3.epw	G1600010010504	1.0	0.000702727746973	0.095244785136	0.199798985756	0.0263702417308	0.67788325963	0.0	0.0	0.0	0.0	0.0	3.62689117335
1950s	Electricity	USA_ID_Boise.Air.Terminal.726810_TMY3.epw	G1600030950100	3.0	0.0102078097026	0.0362730440489	0.188439842878	0.0366129363863	0.606302924513	0.0510628681717	0.0546015669471	0.000894350006383	0.000279043973946	0.0153256133722	7.10645636948
1950s	Electricity	USA_ID_Boise.Air.Terminal.726810_TMY3.epw	G1600030950200	3.0	0.0186541075414	0.0287597276467	0.182775768113	0.0452256592061	0.610149872979	0.0150044993464	0.0249342907291	0.0195136180934	0.00358443031257	0.0513980260319	20.5362250386
1950s	Electricity	USA_ID_Boise.Air.Terminal.726810_TMY3.epw	G1600130960300	13.0	0.116686660587	0.216949036384	0.106057917217	0.0736734597679	0.309243170455	0.0119109674886	0.0261721884774	0.101913236341	0.0265657630851	0.0108276001954	0.66172979262
1950s	Electricity	USA_ID_Boise.Air.Terminal.726810_TMY3.epw	G1600130960500	13.0	0.0316219170091	0.176178571525	0.0364765597899	0.0437483439361	0.71197460774	0.0	0.0	0.0	0.0	0.0	0.00240242440392
1950s	Electricity	USA_ID_Boise.Air.Terminal.726810_TMY3.epw	G1600150950200	15.0	0.0184141199284	0.0517460532941	0.204526213921	0.091281692853	0.291057002457	0.0921490253949	0.13582094157	0.0197567496766	0.0224933034509	0.0727548974549	31.0794844841
1950s	Electricity	USA_ID_Boise.Air.Terminal.726810_TMY3.epw	G1600250970100	25.0	0.0711827580876	0.0189131840182	0.172859332612	0.0219104822687	0.203621833583	0.156344109122	0.0772631000684	0.073653510102	0.0178786869963	0.186373003142	6.74095470688
1950s	Electricity	USA_ID_Boise.Air.Terminal.726810_TMY3.epw	G1600270020100	27.0	0.00778537887077	0.0216911663984	0.000745102867072	0.00749102256359	0.0200542927574	0.4294903387	0.327726834441	0.0930898966235	0.0572977433002	0.0346282234783	2.00324710856
1950s	Electricity	USA_ID_Boise.Air.Terminal.726810_TMY3.epw	G1600270020200	27.0	0.0428437099193	0.265534697611	0.318491822912	0.0165213575371	0.0816777917195	0.129533836142	0.0859587597766	0.0561772028147	0.00287201581257	0.000388805755053	31.1737174268
1950s	Electricity	USA_ID_Boise.Air.Terminal.726810_TMY3.epw	G1600270020300	27.0	0.208272593582	0.138794556283	0.0100342434701	0.0613809038266	0.102223463006	0.237174052992	0.0899553491658	0.134774909349	0.0156603002735	0.00172962805255	35.0823140935
1950s	Electricity	USA_ID_Boise.Air.Terminal.726810_TMY3.epw	G1600270020401	27.0	0.167334163942	0.169900978964	0.338610539412	0.130574144222	0.173058549808	0.0175387369794	0.000550984770323	3.01126367211e-05	0.00108466239739	0.00131712686778	24.3382783311
1950s	Electricity	USA_ID_Boise.Air.Terminal.726810_TMY3.epw	G1600270020402	27.0	0.272769997881	0.179021315666	0.0440194805804	0.0317524253587	0.0367665183313	0.239159803129	0.0993177580827	0.0233188696598	0.0441058689642	0.029767962347	51.9049099337
1950s	Electricity	USA_ID_Boise.Air.Terminal.726810_TMY3.epw	G1600270020501	27.0	0.0973170672284	0.00943284634018	0.0404132647007	0.0366475724889	0.0401150254071	0.51633234918	0.00854176770665	0.128313180993	0.0729108111241	0.0499761148304	9.68774087512
1950s	Electricity	USA_ID_Boise.Air.Terminal.726810_TMY3.epw	G1600270020503	27.0	0.178417371567	0.132020743582	0.170959349496	0.290681593329	0.227920942027	0.0	0.0	0.0	0.0	0.0	2.9035156716
1950s	Electricity	USA_ID_Boise.Air.Terminal.726810_TMY3.epw	G1600270020504	27.0	0.0776516122568	0.233940689747	0.0450683814257	0.0763543851061	0.061305972977	0.102697373876	0.0989936181772	0.303923344234	4.16773132396e-244	6.46222006926e-05	13.9642705708
1950s	Electricity	USA_ID_Boise.Air.Terminal.726810_TMY3.epw	G1600270020601	27.0	1.0	0.0	0.0	0.0	0.0	0.0	0.0	0.0	0.0	0.0	2.40588998027
1950s	Electricity	USA_ID_Boise.Air.Terminal.726810_TMY3.epw	G1600270020602	27.0	0.18295755205	0.139687077764	0.179494324909	0.0530471099721	0.0503655224278	0.174964693005	0.0911253628928	0.0958244465575	0.0215136368461	0.0110202735764	35.3687908004
1950s	Electricity	USA_ID_Boise.Air.Terminal.726810_TMY3.epw	G1600270020700	27.0	0.211704843901	0.202675003903	0.130677533314	0.223094107282	0.231848511601	0.0	0.0	0.0	0.0	0.0	13.8370754095
1950s	Electricity	USA_ID_Boise.Air.Terminal.726810_TMY3.epw	G1600270020901	27.0	0.130015698601	0.0111530029165	0.0654544472723	0.0583569690075	0.142933950585	0.181737107021	0.0155550405036	0.391218270278	0.000438179323403	0.00313733449198	9.95230277485
1950s	Electricity	USA_ID_Boise.Air.Terminal.726810_TMY3.epw	G1600270020902	27.0	1.0	1.48219693752e-323	2.47032822921e-323	9.88131291682e-324	6.91691904178e-323	0.0	0.0	0.0	0.0	0.0	1.70466716058
1950s	Electricity	USA_ID_Boise.Air.Terminal.726810_TMY3.epw	G1600270021002	27.0	0.165936934997	0.0538721508002	0.118525086484	0.0470783151943	0.547848469385	0.0281274670659	0.00451842253138	0.000646061322465	1.61511660447e-06	0.033445477103	20.0976033982
1950s	Electricity	USA_ID_Boise.Air.Terminal.726810_TMY3.epw	G1600270021100	27.0	0.185100617798	0.256782219566	0.0330322923124	0.111197493462	0.0389393761299	0.0180911337178	0.0708746993991	0.207781679263	0.0588070155761	0.0193934727761	25.6071790115
1950s	Electricity	USA_ID_Boise.Air.Terminal.726810_TMY3.epw	G1600270021200	27.0	0.298578118041	0.0937376348124	0.073600197039	0.0454211611559	0.205682749723	0.154621491896	0.0799056720137	0.0423086113088	5.20649393999e-05	0.00609229907115	34.3047303929
1950s	Electricity	USA_ID_Boise.Air.Terminal.726810_TMY3.epw	G1600270021300	27.0	0.0381544962283	0.00247069833186	0.00520173697859	0.0039590742557	0.0258201965536	0.568493661092	0.128251287493	0.226818819758	9.93782930057e-05	0.000730651015473	20.9576896191
1950s	Electricity	USA_ID_Boise.Air.Terminal.726810_TMY3.epw	G1600270021500	27.0	0.173753511456	0.0727510392534	0.0732698860622	0.0452743485558	0.214541672411	0.209890210661	0.0924837851479	0.0739707303367	0.0127446031424	0.0313202129731	46.6790302263
1950s	Electricity	USA_ID_Boise.Air.Terminal.726810_TMY3.epw	G1600270021600	27.0	0.225278355629	0.0253071660066	0.0646757502654	0.0196099574825	0.0806670682493	0.130628602884	0.0660334536169	0.177448539241	0.0427161631558	0.167634943469	46.1562491383
1950s	Electricity	USA_ID_Boise.Air.Terminal.726810_TMY3.epw	G1600270021700	27.0	0.134812835798	0.0346391259005	0.20842787185	0.0685755285025	0.114098157736	0.315380636379	0.0250218951013	0.0798834753711	0.00388559506456	0.0152748782972	22.5339796729
1950s	Electricity	USA_ID_Boise.Air.Terminal.726810_TMY3.epw	G1600270021800	27.0	0.142750369192	0.0629572276649	0.069696015979	0.0510268036191	0.452867629393	0.0531770271703	0.0514166502997	0.114918845907	0.000371781269221	0.000817649505735	17.3547811267
1950s	Electricity	USA_ID_Boise.Air.Terminal.726810_TMY3.epw	G1600270021901	27.0	0.0285496530344	0.0702696311185	0.0779983920901	0.0338228121244	0.0756343425787	0.240247250202	0.183933703339	0.134618514165	0.0754293678109	0.0794963335367	10.8325795592
1950s	Electricity	USA_ID_Boise.Air.Terminal.726810_TMY3.epw	G1600270021903	27.0	0.262706594503	0.0985232450871	0.157858026771	0.197801290021	0.283110843618	0.0	0.0	0.0	0.0	0.0	36.3804474088
1950s	Electricity	USA_ID_Boise.Air.Terminal.726810_TMY3.epw	G1600270021904	27.0	0.149371186527	0.0971986313667	0.163723472717	0.185044168779	0.282319000326	0.121510471608	0.0	0.0	0.0	0.000833068676496	28.526385602
1950s	Electricity	USA_ID_Boise.Air.Terminal.726810_TMY3.epw	G1600270022100	27.0	0.112309127796	0.0791687302671	0.192920244351	0.20433353418	0.238794107046	0.0829927171656	0.0200090692994	0.0375727073893	0.018932527296	0.012967235209	48.7953839339
1950s	Electricity	USA_ID_Boise.Air.Terminal.726810_TMY3.epw	G1600270022200	27.0	0.0936284272573	0.0580907513572	0.147908329689	0.197300063981	0.235467695652	0.138462488486	0.000312128891372	0.0759535060268	0.0345710995522	0.0183055091076	54.6548961972
1950s	Electricity	USA_ID_Boise.Air.Terminal.726810_TMY3.epw	G1600270022300	27.0	0.0846337752881	0.0968380120885	0.073958210242	0.0423712260182	0.546968933207	0.115957841877	0.0094740350033	0.0256512724549	0.00294557805049	0.00120111577031	25.1551725983
1950s	Electricity	USA_ID_Boise.Air.Terminal.726810_TMY3.epw	G1600270022400	27.0	0.143216001278	0.172013050839	0.17427183418	0.0479402563769	0.462558857327	0.0	0.0	0.0	0.0	0.0	9.0836431457
1950s	Electricity	USA_ID_Boise.Air.Terminal.726810_TMY3.epw	G1600370960200	37.0	0.0409176147254	0.116920771602	0.272051822447	0.119516912699	0.356351348386	0.0343975371686	0.0284273349019	0.00968760647012	0.00763872672064	0.0140903248786	21.5643490376
1950s	Electricity	USA_ID_Boise.Air.Terminal.726810_TMY3.epw	G1600390960100	39.0	0.163711034462	0.0579759049104	0.169408399047	0.118766018246	0.184419251548	0.0457028067645	0.0899415322012	0.0279803540515	0.00408538975974	0.13800930901	13.9438920425
1950s	Electricity	USA_ID_Boise.Air.Terminal.726810_TMY3.epw	G1600390960200	39.0	0.0712597787956	0.0527182874975	0.0667674346118	0.0649173905569	0.357393494522	0.055598318543	0.0268366237435	0.0330346102273	0.0642353727724	0.20723868873	27.0990390126
1950s	Electricity	USA_ID_Boise.Air.Terminal.726810_TMY3.epw	G1600390960300	39.0	0.067551948305	0.077727593851	0.0959014203239	0.0767016794481	0.241385370928	0.065700373948	0.105387018223	0.0460306474887	0.063733516963	0.159880430522	47.3246395379
1950s	Electricity	USA_ID_Boise.Air.Terminal.726810_TMY3.epw	G1600390960400	39.0	0.0	0.0	0.0	0.0	0.0	0.0588447815258	0.187214302559	0.123443771621	0.0551849030677	0.575312241226	3.28141644865
1950s	Electricity	USA_ID_Boise.Air.Terminal.726810_TMY3.epw	G1600390960500	39.0	0.0	0.0	0.0	0.0	0.0	0.270640775739	0.237337684937	0.177140495499	0.11032646648	0.204554577345	2.29184171687
1950s	Electricity	USA_ID_Boise.Air.Terminal.726810_TMY3.epw	G1600450960100	45.0	0.214332468186	0.00435486920765	0.0382968846051	0.0403503090436	0.104496201634	0.0474656717999	0.107026534788	0.337506135053	0.064888304339	0.0412826213439	28.5600831571
1950s	Electricity	USA_ID_Boise.Air.Terminal.726810_TMY3.epw	G1600450960200	45.0	0.220104430293	0.0151082789722	0.175843232321	0.113330611318	0.278969281265	0.172073825018	1.35832847127e-157	0.0031473596091	0.00605621260921	0.0153667685948	32.2605415738
1950s	Electricity	USA_ID_Boise.Air.Terminal.726810_TMY3.epw	G1600450960300	45.0	0.124888336492	0.00926014725513	0.117111279335	0.0934040974742	0.270844558267	0.0525971927082	0.0177359505905	0.136847137705	0.0778384821092	0.0994728180644	52.9782407329
1950s	Electricity	USA_ID_Boise.Air.Terminal.726810_TMY3.epw	G1600470960100	47.0	0.0923743605069	0.0439925124937	0.121782104952	0.0663752994047	0.313201942039	0.0572859251242	0.0663652506499	0.163216321407	0.0152155785322	0.0601907048894	116.703007925
1950s	Electricity	USA_ID_Boise.Air.Terminal.726810_TMY3.epw	G1600470960200	47.0	0.117663915127	0.0542019691102	0.115137962364	0.0623499365665	0.239572047948	0.0338687401238	0.0626335104839	0.07473367329	0.0537117417653	0.186126503221	105.084972792
1950s	Electricity	USA_ID_Boise.Air.Terminal.726810_TMY3.epw	G1600490960100	49.0	0.0	0.0	0.0	0.0	0.0	0.0	0.0	0.0	0.0	0.0	0.0
1950s	Electricity	USA_ID_Boise.Air.Terminal.726810_TMY3.epw	G1600490960200	49.0	0.034650231562	0.042141358453	0.244797787661	0.0413044530101	0.589195668284	0.00333257957508	0.00528768918372	0.00710296481022	0.00411564513315	0.0280716223271	0.466477218333
1950s	Electricity	USA_ID_Boise.Air.Terminal.726810_TMY3.epw	G1600490960300	49.0	0.00779748223797	0.012555276933	0.131714822766	0.0406251838124	0.71763652766	0.00442240551934	0.0114343866473	0.0365328395336	0.00748235679419	0.0297987180968	0.383155354653
1950s	Electricity	USA_ID_Boise.Air.Terminal.726810_TMY3.epw	G1600490960400	49.0	0.0154303889963	0.0478355486112	0.174970917727	0.0336146438368	0.464605297886	0.0239877962846	0.0261536659012	0.0847638393777	0.0190247887976	0.109613112581	5.1519560859
1950s	Electricity	USA_ID_Boise.Air.Terminal.726810_TMY3.epw	G1600530970200	53.0	0.043776364799	0.0197469259735	0.0695361074967	0.0430342281927	0.231400580152	0.0898322081573	0.0808902128479	0.133377286334	0.057532871141	0.230873214906	0.897816959103
1950s	Electricity	USA_ID_Boise.Air.Terminal.726810_TMY3.epw	G1600530970500	53.0	0.0398840989691	0.0370183624399	0.155318964932	0.0994313066496	0.404952393336	0.0235609547963	0.050038421774	0.0573324780007	0.0423235185285	0.0901395005746	15.6975723959
1950s	Electricity	USA_ID_Boise.Air.Terminal.726810_TMY3.epw	G1600590970100	59.0	0.0	0.0	0.0	0.0	0.0	0.0	0.0	0.0	0.0	0.0	0.0
1950s	Electricity	USA_ID_Boise.Air.Terminal.726810_TMY3.epw	G1600590970300	59.0	0.0	0.0	0.0	0.0	0.0	0.0	0.0	0.0	0.0	0.0	0.0
1950s	Electricity	USA_ID_Boise.Air.Terminal.726810_TMY3.epw	G1600730950101	73.0	0.15797751899	0.108653163087	0.0967598823983	0.0447017307063	0.270779816929	0.137108570943	0.0722106310625	0.111419320327	0.000240347070909	0.000149018486107	71.1840715525
1950s	Electricity	USA_ID_Boise.Air.Terminal.726810_TMY3.epw	G1600730950102	73.0	0.127083669505	0.150482949649	0.0594453703795	0.0116872688327	0.109508130201	0.176464866774	0.0565353465049	0.251722227299	0.0188904575234	0.0381797133312	29.5001441098
1950s	Electricity	USA_ID_Boise.Air.Terminal.726810_TMY3.epw	G1600730950200	73.0	0.116905624226	0.0585023259289	0.0144907680201	0.00886633551654	0.184051817538	0.164651309396	0.125681069699	0.315260397492	0.00457419212176	0.00701616006142	22.7225838168
1950s	Electricity	USA_ID_Boise.Air.Terminal.726810_TMY3.epw	G1600750960100	75.0	0.215844423893	0.0156416165891	0.0836438446393	0.142204137898	0.332951199039	0.0207457066837	0.0407656809888	0.0546869498696	0.0255880094793	0.0679284309204	54.1573618726
1950s	Electricity	USA_ID_Boise.Air.Terminal.726810_TMY3.epw	G1600750960200	75.0	0.0270067682089	0.023417457637	0.174161909311	0.210851258217	0.324483085307	0.0803873046375	0.0332218503242	0.0477089486034	0.035241599387	0.0435198183665	23.9914366311
1950s	Electricity	USA_ID_Boise.Air.Terminal.726810_TMY3.epw	G1600750960300	75.0	0.298145754498	0.00955253945137	0.168961768933	0.163251194486	0.324114662728	0.00509943608984	0.00521284916624	0.0120576452985	0.00950493355997	0.00409921578867	30.8429826789
1950s	Electricity	USA_ID_Boise.Air.Terminal.726810_TMY3.epw	G1600750960400	75.0	0.207733451676	0.0317736402243	0.164286237506	0.13502284568	0.263223408221	0.0197099431956	0.00646594315419	0.0861422860346	0.0491789108114	0.0364633334972	82.9804004119
1950s	Electricity	USA_ID_Boise.Air.Terminal.726810_TMY3.epw	G1600830000300	83.0	0.058661880794	0.0405207685328	0.178336079858	0.0457659503548	0.354629302694	0.0902456486833	0.0646947919282	0.0839550709007	0.0268707198351	0.056319786419	48.6374658754
1950s	Electricity	USA_ID_Boise.Air.Terminal.726810_TMY3.epw	G1600830000400	83.0	0.101452559787	0.035335001386	0.181385606147	0.032490495223	0.175176371512	0.142984347269	0.0366933943214	0.0770095678009	0.0307730942776	0.186699562275	36.4715461445
1950s	Electricity	USA_ID_Boise.Air.Terminal.726810_TMY3.epw	G1600830000500	83.0	0.0646931773692	0.0372198653889	0.0710107830141	0.0181619979096	0.225069855873	0.120469822683	0.0794586399745	0.187093228439	0.0649743655371	0.131848263811	7.21600074304
1950s	Electricity	USA_ID_Boise.Air.Terminal.726810_TMY3.epw	G1600830000700	83.0	0.0863923134351	0.0680549306487	0.289607061656	0.0691389317694	0.433620668999	0.00322041730931	3.36609548326e-06	0.0158538738807	0.00450321744146	0.0296052187648	1.71962659896
1950s	Electricity	USA_ID_Boise.Air.Terminal.726810_TMY3.epw	G1600830001500	83.0	0.162968355946	0.0733723097164	0.150062503496	0.0381217585114	0.321425583777	0.0410318564371	0.0154191152038	0.0337309466153	0.0414290956442	0.122438474652	1.63998338195
1950s	Electricity	USA_ID_Boise.Air.Terminal.726810_TMY3.epw	G1600850970100	85.0	0.00432237952704	0.0334004746006	0.146340308926	0.061242075498	0.222155115222	0.183545517728	0.143632538414	0.0800140925039	0.035909110819	0.0894383867605	7.26817532326
1950s	Electricity	USA_ID_Boise.Air.Terminal.726810_TMY3.epw	G1600850970200	85.0	0.0370054245614	0.114147845066	0.229911553427	0.104481001645	0.5144541753	0.0	0.0	0.0	0.0	0.0	14.8930189134
1950s	Electricity	USA_ID_Boise.Air.Terminal.726810_TMY3.epw	G1600850970300	85.0	0.0114752735625	0.0164032510007	0.0831151460986	0.0489210091224	0.207218380554	0.0651925832948	0.316467768785	0.202631983273	0.0294398209724	0.0191347833373	22.6598364838
1950s	Electricity	USA_ID_Boise.Air.Terminal.726810_TMY3.epw	G1600870970100	87.0	0.366505367406	0.0337544863039	0.175004236313	0.0365557373687	0.239732581367	0.0506371312951	0.000697019106866	0.043166656018	0.0365454354865	0.0174013493351	15.8561272458
1950s	Electricity	USA_ID_Boise.Air.Terminal.726810_TMY3.epw	G1600870970200	87.0	0.180323088491	0.0144562824661	0.122899636725	0.0601696393827	0.39908808405	0.0237537076617	0.12249202609	0.0719384704913	0.000767605498252	0.00411145914362	33.3196541825
1950s	Electricity	USA_ID_Boise.Air.Terminal.726810_TMY3.epw	G1600870970300	87.0	0.159532191695	0.0151916164473	0.211472461235	0.0662399793462	0.354501038883	0.0587402445527	0.02017078396	0.0494602924196	0.0180483004633	0.0466430909968	39.8394067756
1950s	Electricity	USA_ID_Pocatello.Muni.AP.725780_TMY3.epw	G1600050000200	5.0	0.0742751752676	0.0896769942058	0.117245231842	0.0870576420612	0.237279573195	0.292963318565	0.000310677955923	0.0166654519459	0.0359453570982	0.0485805778637	6.87372714155
1950s	Electricity	USA_ID_Pocatello.Muni.AP.725780_TMY3.epw	G1600050000300	5.0	0.195849964752	0.104274319988	0.345714580553	0.113155455793	0.241005678914	0.0	0.0	0.0	0.0	0.0	1.21176314183
1950s	Electricity	USA_ID_Pocatello.Muni.AP.725780_TMY3.epw	G1600050000400	5.0	0.201569917242	0.16852438206	0.160833955141	0.138527871557	0.330543873999	0.0	0.0	0.0	0.0	0.0	2.30480843088
1950s	Electricity	USA_ID_Pocatello.Muni.AP.725780_TMY3.epw	G1600050000500	5.0	0.136283760254	0.026153308197	0.0915434914845	0.0751361491486	0.305462091965	0.04523228298	0.165958281528	0.00011110770123	0.0415464159275	0.112573110814	2.0298020422
1950s	Electricity	USA_ID_Pocatello.Muni.AP.725780_TMY3.epw	G1600050000600	5.0	0.141814486136	0.134458469209	0.178984749773	0.119304028728	0.404312026356	0.00623426103745	0.00223742344079	0.00153284476092	0.00515842480852	0.00596328575063	6.27641869565
1950s	Electricity	USA_ID_Pocatello.Muni.AP.725780_TMY3.epw	G1600050000700	5.0	0.0610286759642	0.132932842774	0.199372011289	0.142940140527	0.244729982637	0.00569136821699	0.000834015808225	0.121037537924	0.0675309158785	0.0239025089809	14.1512916622
1950s	Electricity	USA_ID_Pocatello.Muni.AP.725780_TMY3.epw	G1600050000800	5.0	0.316016660259	0.0987021187823	0.172343116865	0.0522787967531	0.119929700809	0.0454510372166	0.00249989648953	0.100909421416	0.0273609640885	0.0645082873209	14.0991332362
1950s	Electricity	USA_ID_Pocatello.Muni.AP.725780_TMY3.epw	G1600050000900	5.0	0.199860423127	0.134003685319	0.259978518711	0.0713186731574	0.208333703217	0.0616531043533	0.00917346584512	0.0258203055664	0.0166093729919	0.0132487477125	25.4626000918
1950s	Electricity	USA_ID_Pocatello.Muni.AP.725780_TMY3.epw	G1600050001000	5.0	0.176130757265	0.0565486859987	0.26180567189	0.112876134412	0.233223926473	0.0370289677704	4.16803136648e-05	0.0510377375305	0.0304043823603	0.0409020559854	23.8469184983
1950s	Electricity	USA_ID_Pocatello.Muni.AP.725780_TMY3.epw	G1600050001102	5.0	0.0286550749451	0.0117510256846	0.0450034878204	0.026445737092	0.071016709077	0.244789776024	0.0329164669117	0.164723120054	0.213284796444	0.161413805947	9.3641333569
1950s	Electricity	USA_ID_Pocatello.Muni.AP.725780_TMY3.epw	G1600050001200	5.0	0.0680976531512	0.0927790046473	0.0765667002631	0.0921273616294	0.233663749916	0.214740548966	0.0182816020281	0.0873494803499	0.0334879911893	0.0829059078593	17.1680140781
1950s	Electricity	USA_ID_Pocatello.Muni.AP.725780_TMY3.epw	G1600050001300	5.0	0.0406846149606	0.155165963028	0.295493186537	0.134037720175	0.221390164834	0.104280755939	0.000132150816256	0.0281479898307	0.0112198409974	0.00944761288198	35.5396826522
1950s	Electricity	USA_ID_Pocatello.Muni.AP.725780_TMY3.epw	G1600050001400	5.0	0.19379549946	0.059196396258	0.162419187933	0.0564435886293	0.0887228545298	0.118510682737	0.0549079860818	0.0978490271888	0.0558871982245	0.112267578958	32.4308574217
1950s	Electricity	USA_ID_Pocatello.Muni.AP.725780_TMY3.epw	G1600050001500	5.0	0.172951155213	0.205696405529	0.223428222588	0.1051068138	0.219069938129	0.0121234148633	0.0105874669482	0.0185376039997	0.0157499775154	0.0167490014136	28.9693763416
1950s	Electricity	USA_ID_Pocatello.Muni.AP.725780_TMY3.epw	G1600050001601	5.0	0.306642998215	0.0720323436725	0.20891710045	0.0420016807039	0.119641328179	0.0280787033175	3.02721836207e-05	0.0642882697203	0.0819338125483	0.0764334910098	6.44455456828
1950s	Electricity	USA_ID_Pocatello.Muni.AP.725780_TMY3.epw	G1600050001602	5.0	0.109501184019	0.0529035758173	0.176280056699	0.130128564976	0.187444808338	0.118697227364	0.0111248830826	0.0799806255499	0.0504794832911	0.0834595908624	35.0727854824
1950s	Electricity	USA_ID_Pocatello.Muni.AP.725780_TMY3.epw	G1600050001603	5.0	0.166432753426	0.0803073681104	0.175351218664	0.0960783085441	0.382950753536	0.0651770125649	4.53580152255e-08	0.0213964211498	0.00830926514091	0.0039968535056	3.51583748021
1950s	Electricity	USA_ID_Pocatello.Muni.AP.725780_TMY3.epw	G1600050001700	5.0	0.18651323861	0.163984281067	0.092497780409	0.0991657033053	0.457838996609	0.0	0.0	0.0	0.0	0.0	3.59675971914
1950s	Electricity	USA_ID_Pocatello.Muni.AP.725780_TMY3.epw	G1600050001900	5.0	0.094850015797	0.137492688509	0.223158111372	0.146418827564	0.290415112547	0.0465236815168	0.00523449017804	0.0131145163821	0.00658724899246	0.0362053071422	26.0614144991
1950s	Electricity	USA_ID_Pocatello.Muni.AP.725780_TMY3.epw	G1600050940000	5.0	0.0853900090708	0.0905461941192	0.254001651696	0.16574678662	0.404315358494	0.0	0.0	0.0	0.0	0.0	19.0284024263
1950s	Electricity	USA_ID_Pocatello.Muni.AP.725780_TMY3.epw	G1600050981800	5.0	0.145765579512	0.103691193544	0.0770141245434	0.00023755620417	0.0870460734385	0.294580684091	1.48251761764e-47	0.0285611365712	0.0460729205618	0.217030731534	1.06754127991
1950s	Electricity	USA_ID_Pocatello.Muni.AP.725780_TMY3.epw	G1600070950100	7.0	0.171130754727	0.102742499303	0.169747140097	0.058224276765	0.305010321326	0.164875430235	0.00353804508083	0.0055997675044	0.00498209542499	0.0141496695362	7.39305033692
1950s	Electricity	USA_ID_Pocatello.Muni.AP.725780_TMY3.epw	G1600070950200	7.0	0.0794686363383	0.0919915395962	0.188574758686	0.0957817199632	0.465773163139	0.0125976997134	2.82696673811e-06	0.00318219899914	0.000240905443785	0.0623865511545	3.84556991409
1950s	Electricity	USA_ID_Pocatello.Muni.AP.725780_TMY3.epw	G1600110940000	11.0	0.231603712255	0.119440777498	0.230066784835	0.0979240568525	0.243655932643	0.0673383679468	0.000257726683855	0.00970693910009	2.62398860005e-09	5.69956237617e-06	10.088403641
1950s	Electricity	USA_ID_Pocatello.Muni.AP.725780_TMY3.epw	G1600110950100	11.0	0.0763051139062	0.0770354113909	0.117269915635	0.0132854343053	0.433978669249	0.0334552918024	0.00958493650968	0.0612203187864	0.0830978062202	0.0947671021951	39.5530796038
1950s	Electricity	USA_ID_Pocatello.Muni.AP.725780_TMY3.epw	G1600110950200	11.0	0.0327907610843	0.0757187414649	0.123142572578	0.00903328068144	0.471319567878	0.000808797475523	0.0501804412431	0.125905749553	0.049617073197	0.0614830148448	6.9618858885
1950s	Electricity	USA_ID_Pocatello.Muni.AP.725780_TMY3.epw	G1600110950300	11.0	0.0644599028607	0.049143744432	0.152481775125	0.00662688444492	0.257765606236	0.0159675258256	0.0680253871381	0.0876177074056	0.0844786383735	0.213432828159	29.7203754972
1950s	Electricity	USA_ID_Pocatello.Muni.AP.725780_TMY3.epw	G1600110950400	11.0	0.0052346326173	0.00938207288438	0.00223608118403	0.00265774052263	0.100566422041	0.0521043202195	0.195369340796	0.187803014752	0.118097526541	0.326548848442	50.0305090212
1950s	Electricity	USA_ID_Pocatello.Muni.AP.725780_TMY3.epw	G1600110950500	11.0	0.0912994613002	0.05473837019	0.0525158296801	0.00420463671914	0.220174453067	0.174350482086	0.110030296455	0.187939625622	0.00911563745679	0.0956312074236	40.3569056599
1950s	Electricity	USA_ID_Pocatello.Muni.AP.725780_TMY3.epw	G1600110950600	11.0	0.0580406920698	0.030211053875	0.224128233631	0.0150780506163	0.397769881455	0.00191734170181	0.00654440841669	0.145450836824	0.0586458716502	0.0622136297612	11.8623398036
1950s	Electricity	USA_ID_Pocatello.Muni.AP.725780_TMY3.epw	G1600110950700	11.0	0.0580406524081	0.129880806552	0.143167043157	0.0109569115743	0.59819070724	0.0021617059131	0.00236714801038	0.0058678590913	0.0119020131387	0.0374651529154	19.8258717476
1950s	Electricity	USA_ID_Pocatello.Muni.AP.725780_TMY3.epw	G1600130960100	13.0	0.0238340979474	0.0133046483824	0.0227809499079	0.00601078509623	0.141175392927	0.147455886127	0.119583871136	0.279344603756	0.167396262142	0.0791135025791	22.5529147741
1950s	Electricity	USA_ID_Pocatello.Muni.AP.725780_TMY3.epw	G1600130960200	13.0	0.0695957227567	0.0417630424414	0.0613664910247	0.0138416488518	0.242225137007	0.0790632502447	0.103429682717	0.237173078831	0.0558751588538	0.0956667872717	28.6363101739
1950s	Electricity	USA_ID_Pocatello.Muni.AP.725780_TMY3.epw	G1600130960300	13.0	0.116686660587	0.216949036384	0.106057917217	0.0736734597679	0.309243170455	0.0119109674886	0.0261721884774	0.101913236341	0.0265657630851	0.0108276001954	18.8017573686
1950s	Electricity	USA_ID_Pocatello.Muni.AP.725780_TMY3.epw	G1600130960500	13.0	0.0316219170091	0.176178571525	0.0364765597899	0.0437483439361	0.71197460774	0.0	0.0	0.0	0.0	0.0	1.30211402692
1950s	Electricity	USA_ID_Pocatello.Muni.AP.725780_TMY3.epw	G1600190970100	19.0	0.106198666705	0.171034218335	0.196120739725	0.071662839445	0.288721039672	0.00532527823415	0.0159993673685	0.109385644403	0.014624512218	0.0209276938946	16.9852195776
1950s	Electricity	USA_ID_Pocatello.Muni.AP.725780_TMY3.epw	G1600190970300	19.0	0.0608374552963	0.0698379952702	0.132284831276	0.0998279328794	0.319374783397	0.0476717510836	0.103805160473	0.115772669012	0.0279029664442	0.022684454868	17.0978171618
1950s	Electricity	USA_ID_Pocatello.Muni.AP.725780_TMY3.epw	G1600190970401	19.0	0.0881914792706	0.0851078617573	0.250001770297	0.115041105022	0.461657783653	0.0	0.0	0.0	0.0	0.0	2.68753622111
1950s	Electricity	USA_ID_Pocatello.Muni.AP.725780_TMY3.epw	G1600190970402	19.0	0.112539188075	0.126604888736	0.17802102383	0.111579736758	0.31710815087	0.0572433125175	0.0472822587945	0.0185404996483	0.025082944312	0.00599799645906	10.4543127938
1950s	Electricity	USA_ID_Pocatello.Muni.AP.725780_TMY3.epw	G1600190970403	19.0	0.0404099099071	0.0138557010077	0.0318389105115	0.0165584575017	0.0573880070296	0.237553420299	0.29416944073	0.107250479736	0.129294751847	0.0716809214295	17.3974548204
1950s	Electricity	USA_ID_Pocatello.Muni.AP.725780_TMY3.epw	G1600190970501	19.0	0.206242034912	0.0702131216507	0.0250644344539	0.0205389427938	0.290220936229	0.00518423060505	0.282007743246	0.0690644583214	0.00941642243119	0.0220476753577	4.65056459555
1950s	Electricity	USA_ID_Pocatello.Muni.AP.725780_TMY3.epw	G1600190970502	19.0	0.161653173329	0.0728851853082	0.104912452782	0.0892980048811	0.336388858272	0.133183228477	0.0183950666329	0.00832434106577	0.0178240462427	0.0571356430099	26.102844477
1950s	Electricity	USA_ID_Pocatello.Muni.AP.725780_TMY3.epw	G1600190970503	19.0	0.0706248320735	0.024718061209	0.119142634126	0.0875537741842	0.575163494826	0.0105432174024	0.0122188825883	0.00698119457976	3.64346539685e-06	0.0930502655457	5.22087666033
1950s	Electricity	USA_ID_Pocatello.Muni.AP.725780_TMY3.epw	G1600190970601	19.0	0.178181071501	0.152617597615	0.224093181009	0.082829894838	0.241234415556	0.00298306063058	0.0116501341419	0.0250354551848	0.0513917716775	0.0299834178467	41.1984056856
1950s	Electricity	USA_ID_Pocatello.Muni.AP.725780_TMY3.epw	G1600190970602	19.0	0.182714150679	0.0594007545837	0.332563307302	0.0869213568814	0.264411321793	0.0264683589781	0.0406423773008	0.00465818833754	0.000314639052245	0.00190554509171	42.5431455787
