Dependency=Vintage	Dependency=Heating Fuel	Dependency=Location EPW	Dependency=Location Census Tract	Dependency=County	Option=owner 0-30	Option=owner 30-50	Option=owner 50-80	Option=owner 80-100	Option=owner 100+	Option=renter 0-30	Option=renter 30-50	Option=renter 50-80	Option=renter 80-100	Option=renter 100+	Count
1950s	Electricity	USA_AZ_Flagstaff-Pulliam.AP.723755_TMY3.epw	G4900170000400	17.0	0.0	0.0	0.0	0.0	0.0	0.0	0.0	0.0	0.0	0.0	0.0
1950s	Electricity	USA_AZ_Flagstaff-Pulliam.AP.723755_TMY3.epw	G4900370942100	37.0	0.0533595705895	0.0400308960098	0.290923975036	0.0151138723408	0.391450700693	0.209120985331	0.0	0.0	0.0	0.0	0.0188550329423
1950s	Electricity	USA_AZ_Flagstaff-Pulliam.AP.723755_TMY3.epw	G4900370978200	37.0	0.0166343772995	0.017143890681	0.139569309656	0.00717566175762	0.622312742842	0.129642895611	0.0252739224225	0.0419960694287	2.14533892079e-160	0.000251130300977	0.0171701152516
1950s	Electricity	USA_AZ_Flagstaff-Pulliam.AP.723755_TMY3.epw	G4900550979100	55.0	0.0	0.0	0.0	0.0	0.0	0.0	0.0	0.0	0.0	0.0	0.0
1950s	Electricity	USA_AZ_Prescott-Love.Field.723723_TMY3.epw	G4900250130100	25.0	0.0	0.0	0.0	0.0	0.0	0.0	0.0	0.0	0.0	0.0	0.0
1950s	Electricity	USA_AZ_Prescott-Love.Field.723723_TMY3.epw	G4900370942100	37.0	0.0533595705895	0.0400308960098	0.290923975036	0.0151138723408	0.391450700693	0.209120985331	0.0	0.0	0.0	0.0	0.113403459001
1950s	Electricity	USA_CO_Alamosa.Muni.AP.724620_TMY3.epw	G4900370978200	37.0	0.0	0.0	0.0	0.0	0.0	0.0	0.0	0.0	0.0	0.0	0.0
1950s	Electricity	USA_CO_Eagle.County.Rgnl.AP.724675_TMY3.epw	G4900370978200	37.0	0.0	0.0	0.0	0.0	0.0	0.0	0.0	0.0	0.0	0.0	0.0
1950s	Electricity	USA_CO_Eagle.County.Rgnl.AP.724675_TMY3.epw	G4900470968200	47.0	0.0	0.0	0.0	0.0	0.0	0.0	0.0	0.0	0.0	0.0	0.0
1950s	Electricity	USA_CO_Grand.Junction-Walker.Field.724760_TMY3.epw	G4900070000100	7.0	0.000129037275169	0.000116741746154	0.0234354873332	0.026791576017	0.0923905325156	0.485294562973	0.0	0.0	0.0612936576647	0.310548404475	0.18609953926
1950s	Electricity	USA_CO_Grand.Junction-Walker.Field.724760_TMY3.epw	G4900070000600	7.0	0.0599540768508	0.0377318932528	0.11738044124	0.172271443091	0.41140700374	0.121711823036	0.0525227593789	0.00232420862401	0.00445789164813	0.0202384591394	8.90442297694
1950s	Electricity	USA_CO_Grand.Junction-Walker.Field.724760_TMY3.epw	G4900130940300	13.0	0.0233262922765	0.0203515833032	0.228898767379	0.186375052928	0.299205391838	0.19977929599	0.0210369212805	0.0117617461052	0.00909593546884	0.000169013429402	3.39607330808
1950s	Electricity	USA_CO_Grand.Junction-Walker.Field.724760_TMY3.epw	G4900130940500	13.0	0.0111070931965	0.0066121592712	0.242869460433	0.137933555143	0.415208583115	0.123195240464	0.0380926106662	0.000419088176473	0.000576192132729	0.023986017402	8.54297873103
1950s	Electricity	USA_CO_Grand.Junction-Walker.Field.724760_TMY3.epw	G4900130940600	13.0	0.0364123173356	0.0430448583078	0.144288365548	0.143712994073	0.569951637329	0.0574938222854	0.000293239935703	0.00240502891906	0.0023750710812	2.26651851612e-05	12.1295473003
1950s	Electricity	USA_CO_Grand.Junction-Walker.Field.724760_TMY3.epw	G4900150976200	15.0	0.00972298489337	0.00425802533159	0.160765690253	0.106701278146	0.285428785139	0.433116471075	6.76516200806e-06	0.0	0.0	0.0	0.084611628534
1950s	Electricity	USA_CO_Grand.Junction-Walker.Field.724760_TMY3.epw	G4900150976500	15.0	0.0199289192963	0.0302702399764	0.362021801562	0.24780917346	0.298230801917	0.0417390637878	2.91127648197e-275	9.9814241038e-210	1.66261413083e-209	1.58854787555e-210	1.66039761619
1950s	Electricity	USA_CO_Grand.Junction-Walker.Field.724760_TMY3.epw	G4900170000400	17.0	0.0911573837934	0.0474623818619	0.236080577059	0.072749284949	0.446125674417	0.045500513263	0.0365268091245	0.00273215344835	0.00447792161077	0.017187300473	0.384070378957
1950s	Electricity	USA_CO_Grand.Junction-Walker.Field.724760_TMY3.epw	G4900190000200	19.0	0.0199803541382	0.0129231307686	0.214192235834	0.1554988009	0.429039354501	0.0403947344648	0.0565327160327	0.0679023734949	0.000976236878742	0.00256006298726	9.30324767407
1950s	Electricity	USA_CO_Grand.Junction-Walker.Field.724760_TMY3.epw	G4900190000300	19.0	0.0170037402206	0.0209385588292	0.167894981771	0.176799742614	0.617362976566	0.0	0.0	0.0	0.0	0.0	10.9031305173
1950s	Electricity	USA_CO_Grand.Junction-Walker.Field.724760_TMY3.epw	G4900250130100	25.0	0.149667680728	0.0611300655597	0.165549332398	0.075243474155	0.422310156528	0.00957464894075	8.89318162514e-323	0.00355192835183	0.0336487220621	0.0793239912761	0.455361231401
1950s	Electricity	USA_CO_Grand.Junction-Walker.Field.724760_TMY3.epw	G4900370942000	37.0	0.149168851551	0.112862126481	0.274788545374	0.0142604909103	0.372013458439	0.0620755026868	1.42710991798e-09	0.0103076222903	7.22389934092e-05	0.00445116184748	0.602265588978
1950s	Electricity	USA_CO_Grand.Junction-Walker.Field.724760_TMY3.epw	G4900370942100	37.0	0.0533595705895	0.0400308960098	0.290923975036	0.0151138723408	0.391450700693	0.209120985331	0.0	0.0	0.0	0.0	0.0577947748883
1950s	Electricity	USA_CO_Grand.Junction-Walker.Field.724760_TMY3.epw	G4900370978100	37.0	0.0362781892411	0.0244240252192	0.141254146065	0.0072940345109	0.652711236999	0.0876179956442	0.0206780022683	2.71636063552e-05	4.52244520308e-09	0.0297152019238	6.13856318962
1950s	Electricity	USA_CO_Grand.Junction-Walker.Field.724760_TMY3.epw	G4900370978200	37.0	0.0166343772995	0.017143890681	0.139569309656	0.00717566175762	0.622312742842	0.129642895611	0.0252739224225	0.0419960694287	2.14533892079e-160	0.000251130300977	12.1278247394
1950s	Electricity	USA_CO_Grand.Junction-Walker.Field.724760_TMY3.epw	G4900470940201	47.0	0.0417222931932	0.0358736498645	0.316751374034	0.150025314501	0.393939186529	0.0269255922461	0.0117509345709	0.010051107494	0.0073732905059	0.00558725706171	6.35574168872
1950s	Electricity	USA_CO_Grand.Junction-Walker.Field.724760_TMY3.epw	G4900470968200	47.0	0.00514162177595	0.0121485846426	0.323452194183	0.0882865165569	0.401184405362	0.089632745934	0.00299072070597	0.000189222608637	0.0068950941408	0.0700788940901	0.0288519672281
1950s	Electricity	USA_CO_Grand.Junction-Walker.Field.724760_TMY3.epw	G4900470968301	47.0	0.00506150992023	0.00402098897314	0.191247922871	0.0777543929208	0.721915185315	0.0	0.0	0.0	0.0	0.0	0.00357814570188
1950s	Electricity	USA_CO_Grand.Junction-Walker.Field.724760_TMY3.epw	G4900550979100	55.0	0.00657675053391	0.0220735609951	0.211319519209	0.0118620845038	0.179910153968	0.138904686873	0.00967667249253	0.0308305896874	0.0064652359506	0.382380745787	0.898766194155
1950s	Electricity	USA_ID_Pocatello.Muni.AP.725780_TMY3.epw	G4900030960100	3.0	0.00594633794022	0.0132993056316	0.0959719916728	0.242768027484	0.592647296251	0.00664790139519	0.00347668332504	0.0129297437233	0.0070651508475	0.0192475617295	1.5876871522
1950s	Electricity	USA_ID_Pocatello.Muni.AP.725780_TMY3.epw	G4900030960200	3.0	0.00120815603533	0.00201304407271	0.0243327553968	0.0911657846373	0.336381337414	0.145211261339	0.0219459134084	0.116978760769	0.030047469731	0.230715517197	0.740425788148
1950s	Electricity	USA_ID_Pocatello.Muni.AP.725780_TMY3.epw	G4900050000101	5.0	0.0333526536281	0.0645006750954	0.35321538496	0.0713744769014	0.23774737485	0.00587678840237	0.0022175175201	0.108536679855	0.0787760266385	0.0444024221496	4.29671449546
1950s	Electricity	USA_ID_Pocatello.Muni.AP.725780_TMY3.epw	G4900050000102	5.0	0.0114862660657	0.0534022855321	0.177997235629	0.0404620839086	0.0852124757782	0.126896014631	0.0692958826895	0.235803215572	0.0632824085648	0.136162131629	3.69088233105
1950s	Electricity	USA_ID_Pocatello.Muni.AP.725780_TMY3.epw	G4900050000300	5.0	0.0177874041261	0.0647231806026	0.353549834284	0.145106277544	0.119291605383	0.299541698061	0.0	0.0	0.0	0.0	0.167482270617
1950s	Electricity	USA_ID_Pocatello.Muni.AP.725780_TMY3.epw	G4900050980100	5.0	0.0	0.0	0.0	0.0	0.0	0.0	0.0	0.0	0.0	0.0	0.0
1950s	Electricity	USA_NM_Albuquerque.Intl.AP.723650_TMY3.epw	G4900370942000	37.0	0.149168851551	0.112862126481	0.274788545374	0.0142604909103	0.372013458439	0.0620755026868	1.42710991798e-09	0.0103076222903	7.22389934092e-05	0.00445116184748	0.086311947465
1950s	Electricity	USA_NM_Albuquerque.Intl.AP.723650_TMY3.epw	G4900370978100	37.0	0.0362781892411	0.0244240252192	0.141254146065	0.0072940345109	0.652711236999	0.0876179956442	0.0206780022683	2.71636063552e-05	4.52244520308e-09	0.0297152019238	0.0255393416507
1950s	Electricity	USA_NV_Elko.Muni.AP.725825_TMY3.epw	G4900030960100	3.0	0.00594633794022	0.0132993056316	0.0959719916728	0.242768027484	0.592647296251	0.00664790139519	0.00347668332504	0.0129297437233	0.0070651508475	0.0192475617295	0.0689454359669
1950s	Electricity	USA_NV_Elko.Muni.AP.725825_TMY3.epw	G4900450130600	45.0	0.0459632373274	0.0629926107878	0.122881736678	0.0136588470518	0.144251654813	0.00416735675366	0.0726489443824	0.117736302521	0.0122188509831	0.403480458702	8.79336739639
1950s	Electricity	USA_NV_Ely-Yelland.Field.724860_TMY3.epw	G4900010100200	1.0	0.0	0.0	0.0	0.0	0.0	0.0	0.0	0.0	0.0	0.0	0.0
1950s	Electricity	USA_NV_Ely-Yelland.Field.724860_TMY3.epw	G4900150976300	15.0	0.0325661114734	0.0198320721101	0.221740407565	0.239918663753	0.485942745098	0.0	0.0	0.0	0.0	0.0	0.0019669100471
1950s	Electricity	USA_NV_Ely-Yelland.Field.724860_TMY3.epw	G4900150976500	15.0	0.0199289192963	0.0302702399764	0.362021801562	0.24780917346	0.298230801917	0.0417390637878	2.91127648197e-275	9.9814241038e-210	1.66261413083e-209	1.58854787555e-210	2.70730273081
1950s	Electricity	USA_NV_Ely-Yelland.Field.724860_TMY3.epw	G4900230010200	23.0	0.0117528621163	0.114001494681	0.314154982421	0.144837256785	0.191374493795	0.10453430774	0.0279730754845	0.0243675300052	0.0496296875978	0.0173743093747	0.105634421662
1950s	Electricity	USA_NV_Ely-Yelland.Field.724860_TMY3.epw	G4900270974200	27.0	0.0107635688305	0.0277708461353	0.325823547043	0.184343388112	0.192255534584	0.00116039211586	0.00381038189716	0.00954364919954	0.130981310416	0.113547381667	0.271224613107
1950s	Electricity	USA_NV_Ely-Yelland.Field.724860_TMY3.epw	G4900270974300	27.0	0.0	0.0	0.0	0.0	0.0	0.0	0.0	0.0	0.0	0.0	0.0
1950s	Electricity	USA_NV_Ely-Yelland.Field.724860_TMY3.epw	G4900390972500	39.0	0.0	0.0	0.0	0.0	0.0	0.0	0.0	0.0	0.0	0.0	0.0
1950s	Electricity	USA_NV_Ely-Yelland.Field.724860_TMY3.epw	G4900410975100	41.0	0.0	0.0	0.0	0.0	0.0	0.0	0.0	0.0	0.0	0.0	0.0
1950s	Electricity	USA_NV_Ely-Yelland.Field.724860_TMY3.epw	G4900410975200	41.0	0.0	0.0	0.0	0.0	0.0	0.0	0.0	0.0	0.0	0.0	0.0
1950s	Electricity	USA_NV_Ely-Yelland.Field.724860_TMY3.epw	G4900450130600	45.0	0.0459632373274	0.0629926107878	0.122881736678	0.0136588470518	0.144251654813	0.00416735675366	0.0726489443824	0.117736302521	0.0122188509831	0.403480458702	0.752881830281
1950s	Electricity	USA_NV_Las.Vegas-McCarran.Intl.AP.723860_TMY3.epw	G4900530270300	53.0	0.0	0.0	0.0	0.0	0.0	0.0	0.0	0.0	0.0	0.0	0.0
1950s	Electricity	USA_UT_Cedar.City.Muni.AP.724755_TMY3.epw	G4900010100100	1.0	0.0618874191953	0.0620725123263	0.307136000981	0.102274461475	0.381950587708	0.0760311419027	1.40090220757e-217	6.9634197963e-218	0.00288886772102	0.00575900869053	9.15783700652
1950s	Electricity	USA_UT_Cedar.City.Muni.AP.724755_TMY3.epw	G4900010100200	1.0	0.0328285710178	0.0767618752872	0.357970225607	0.121265539752	0.359334587207	0.00564494816562	0.00358043846928	0.0167649759092	0.00746577135767	0.0183830672273	5.79721333306
1950s	Electricity	USA_UT_Cedar.City.Muni.AP.724755_TMY3.epw	G4900150976200	15.0	0.00972298489337	0.00425802533159	0.160765690253	0.106701278146	0.285428785139	0.433116471075	6.76516200806e-06	0.0	0.0	0.0	0.00611650326752
1950s	Electricity	USA_UT_Cedar.City.Muni.AP.724755_TMY3.epw	G4900150976300	15.0	0.0325661114734	0.0198320721101	0.221740407565	0.239918663753	0.485942745098	0.0	0.0	0.0	0.0	0.0	0.0118014602826
1950s	Electricity	USA_UT_Cedar.City.Muni.AP.724755_TMY3.epw	G4900150976500	15.0	0.0199289192963	0.0302702399764	0.362021801562	0.24780917346	0.298230801917	0.0417390637878	2.91127648197e-275	9.9814241038e-210	1.66261413083e-209	1.58854787555e-210	0.27011983278
1950s	Electricity	USA_UT_Cedar.City.Muni.AP.724755_TMY3.epw	G4900170000300	17.0	0.0288002175342	0.0836566395645	0.352310886707	0.0705762808911	0.234758153244	0.0308323487218	0.0011405286736	0.00212758274998	0.000405160151808	0.195392201762	5.00013798161
1950s	Electricity	USA_UT_Cedar.City.Muni.AP.724755_TMY3.epw	G4900170000400	17.0	0.0911573837934	0.0474623818619	0.236080577059	0.072749284949	0.446125674417	0.045500513263	0.0365268091245	0.00273215344835	0.00447792161077	0.017187300473	11.9870386696
1950s	Electricity	USA_UT_Cedar.City.Muni.AP.724755_TMY3.epw	G4900210110100	21.0	0.0298020287731	0.114448121931	0.389418089144	0.0317785631727	0.229862021945	0.177704160107	1.872336108e-05	2.57640671367e-05	0.00193909043784	0.0250034370621	4.72336845582
1950s	Electricity	USA_UT_Cedar.City.Muni.AP.724755_TMY3.epw	G4900210110200	21.0	0.0364006031837	0.0371964097908	0.345523255717	0.0815419880732	0.499337743235	0.0	0.0	0.0	0.0	0.0	0.202748423171
1950s	Electricity	USA_UT_Cedar.City.Muni.AP.724755_TMY3.epw	G4900210110300	21.0	0.0649673751098	0.0308796434105	0.139990951395	0.0138607522811	0.351913443142	0.281093886092	0.0622172840463	0.0166414716781	0.00275760832412	0.0356775845209	5.36934444147
1950s	Electricity	USA_UT_Cedar.City.Muni.AP.724755_TMY3.epw	G4900210110400	21.0	0.00993789280729	0.0381612427833	0.154124999906	0.0176715783085	0.233571009385	0.495725679252	2.28775257874e-253	3.53554854106e-54	0.00520816230338	0.0455994352541	8.4889573479
1950s	Electricity	USA_UT_Cedar.City.Muni.AP.724755_TMY3.epw	G4900210110500	21.0	0.0507347525204	0.0774203431449	0.283879485151	0.0583459081982	0.321717480494	0.0685089821587	0.00540892240786	0.00214085603473	0.00303514928862	0.128808120602	3.46139971739
1950s	Electricity	USA_UT_Cedar.City.Muni.AP.724755_TMY3.epw	G4900210110600	21.0	0.00850673151085	0.0650935590273	0.28364137693	0.0230282195216	0.104615637202	0.286646712089	0.0119346557714	0.0260601343579	0.0111273066204	0.179345666969	10.7066209911
1950s	Electricity	USA_UT_Cedar.City.Muni.AP.724755_TMY3.epw	G4900210110701	21.0	0.0508518700548	0.0463059962582	0.321468046996	0.0488968354812	0.53247725121	0.0	0.0	0.0	0.0	0.0	2.63137332609
1950s	Electricity	USA_UT_Cedar.City.Muni.AP.724755_TMY3.epw	G4900210110702	21.0	0.0646322560371	0.0434211966785	0.234802208598	0.052940459908	0.604203878778	0.0	0.0	0.0	0.0	0.0	0.866110211198
1950s	Electricity	USA_UT_Cedar.City.Muni.AP.724755_TMY3.epw	G4900250130100	25.0	0.149667680728	0.0611300655597	0.165549332398	0.075243474155	0.422310156528	0.00957464894075	8.3991159793e-323	0.00355192835183	0.0336487220621	0.0793239912761	6.66164822442
1950s	Electricity	USA_UT_Cedar.City.Muni.AP.724755_TMY3.epw	G4900250130200	25.0	0.0568437813201	0.145279010355	0.315465553652	0.0650584578663	0.193947662055	0.0710257485533	0.00750636332007	0.0191400884436	0.0714039431275	0.0543293913069	31.759277162
1950s	Electricity	USA_UT_Cedar.City.Muni.AP.724755_TMY3.epw	G4900270974100	27.0	0.00278445360428	0.00843867687506	0.0342523436583	0.0134449447129	0.0406262350539	0.767662035565	3.00961983931e-05	0.000219068812621	0.0431539315298	0.0893882139902	0.0144841867561
1950s	Electricity	USA_UT_Cedar.City.Muni.AP.724755_TMY3.epw	G4900270974200	27.0	0.0107635688305	0.0277708461353	0.325823547043	0.184343388112	0.192255534584	0.00116039211586	0.00381038189716	0.00954364919954	0.130981310416	0.113547381667	0.00197974170151
1950s	Electricity	USA_UT_Cedar.City.Muni.AP.724755_TMY3.epw	G4900270974300	27.0	0.0258055862433	0.0478773104893	0.31407479056	0.128196215439	0.214298705273	0.0856004587888	0.00255583423289	0.00383060303586	0.0574772113519	0.120283284587	9.6674289064
1950s	Electricity	USA_UT_Cedar.City.Muni.AP.724755_TMY3.epw	G4900310960100	31.0	0.0670873292547	0.114798970279	0.460465182075	0.15860329923	0.158170268867	0.0343774156038	2.65404444172e-07	2.23788816553e-06	0.00340906119284	0.00308597020524	2.08410764319
1950s	Electricity	USA_UT_Cedar.City.Muni.AP.724755_TMY3.epw	G4900370942000	37.0	0.149168851551	0.112862126481	0.274788545374	0.0142604909103	0.372013458439	0.0620755026868	1.42710991798e-09	0.0103076222903	7.22389934092e-05	0.00445116184748	0.0078639774357
1950s	Electricity	USA_UT_Cedar.City.Muni.AP.724755_TMY3.epw	G4900370942100	37.0	0.0533595705895	0.0400308960098	0.290923975036	0.0151138723408	0.391450700693	0.209120985331	0.0	0.0	0.0	0.0	0.0874436310367
1950s	Electricity	USA_UT_Cedar.City.Muni.AP.724755_TMY3.epw	G4900370978200	37.0	0.0166343772995	0.017143890681	0.139569309656	0.00717566175762	0.622312742842	0.129642895611	0.0252739224225	0.0419960694287	2.14533892079e-160	0.000251130300977	0.452146368292
1950s	Electricity	USA_UT_Cedar.City.Muni.AP.724755_TMY3.epw	G4900390972300	39.0	0.0104271102206	0.0228193437826	0.0812456451223	0.0291533015969	0.0795489977967	0.256140773065	0.0423830982818	0.062536099764	0.0938381365614	0.321907493809	0.493922456636
1950s	Electricity	USA_UT_Cedar.City.Muni.AP.724755_TMY3.epw	G4900390972500	39.0	0.0316242778007	0.0793237762934	0.367966933567	0.118748294986	0.218539513329	0.0897908041294	0.0017003347184	0.000868911035218	0.0283295625684	0.0631075915728	0.0208063817347
1950s	Electricity	USA_UT_Cedar.City.Muni.AP.724755_TMY3.epw	G4900410975100	41.0	0.0348100589131	0.0665592857193	0.293437123996	0.0696661529225	0.287982818357	0.109853855897	0.000771571872748	0.00130923788069	0.00343567733394	0.132174217108	5.43120943314
1950s	Electricity	USA_UT_Cedar.City.Muni.AP.724755_TMY3.epw	G4900410975200	41.0	0.0292454316312	0.069945798266	0.364826957507	0.126957060133	0.382736096175	0.0151446805425	0.000287372162312	6.98688340628e-05	0.000627155892821	0.0101595788568	3.51955912421
1950s	Electricity	USA_UT_Cedar.City.Muni.AP.724755_TMY3.epw	G4900410975300	41.0	0.0715582137648	0.102874470814	0.252313857082	0.0586696245497	0.0921249896523	0.0548667685621	0.0258337582741	0.0734069868992	0.0179421280312	0.250409202371	9.03642939161
1950s	Electricity	USA_UT_Cedar.City.Muni.AP.724755_TMY3.epw	G4900410975400	41.0	0.0534689343257	0.0759706397289	0.262977761474	0.060234975656	0.250306516969	0.199060422107	0.00154659485182	0.00186036342036	0.00310208702102	0.0914717044465	3.6337160072
1950s	Electricity	USA_UT_Cedar.City.Muni.AP.724755_TMY3.epw	G4900410975500	41.0	0.0227619079271	0.0738930304514	0.383134124534	0.103746913801	0.256912735047	0.108121741934	0.000915871283833	0.000978119914532	0.0126975188869	0.0368380362214	1.75208782303
1950s	Electricity	USA_UT_Cedar.City.Muni.AP.724755_TMY3.epw	G4900530270100	53.0	0.0853898551738	0.0993245949903	0.120777027817	0.191673048543	0.455184500168	0.0177409073941	1.4109899493e-05	0.0278032390935	0.00209271692101	0.0	21.100919744
1950s	Electricity	USA_UT_Cedar.City.Muni.AP.724755_TMY3.epw	G4900530270200	53.0	0.161453907515	0.0846377556959	0.0905446845806	0.148488874733	0.385206739631	0.0136802664683	0.00722542456427	0.0999430647693	0.00662648715625	0.00219279488619	5.04213304298
1950s	Electricity	USA_UT_Cedar.City.Muni.AP.724755_TMY3.epw	G4900530270300	53.0	0.0527413974214	0.156429533582	0.142236226865	0.189065173778	0.357282207524	0.00357282446164	0.0282986327191	0.0692687770648	0.000153020295354	0.000952206287583	14.3617805612
1950s	Electricity	USA_UT_Cedar.City.Muni.AP.724755_TMY3.epw	G4900530270400	53.0	0.33631528259	0.00840834005196	0.0255614289234	0.0955592725845	0.305017511218	0.185711723495	0.0159255172441	0.00843447234291	0.0033635808032	0.0157028707472	5.87910544378
1950s	Electricity	USA_UT_Cedar.City.Muni.AP.724755_TMY3.epw	G4900530270700	53.0	0.0	0.0	0.0	0.0	0.0	0.0647126690951	0.312244410497	0.229343026943	0.10412101482	0.289578878644	0.855602584591
1950s	Electricity	USA_UT_Cedar.City.Muni.AP.724755_TMY3.epw	G4900530270801	53.0	0.38008411689	0.0200986889552	0.00941245560651	0.0636502565446	0.237386175686	0.0584999274314	0.0244801798813	0.174404527394	0.009472807632	0.0225108639793	10.8798222539
1950s	Electricity	USA_UT_Cedar.City.Muni.AP.724755_TMY3.epw	G4900530270802	53.0	0.388140727072	0.0331553457564	0.00658587412794	0.0917540895781	0.480363963465	0.0	0.0	0.0	0.0	0.0	1.76024701924
1950s	Electricity	USA_UT_Cedar.City.Muni.AP.724755_TMY3.epw	G4900530270901	53.0	0.0199208735264	0.0617484478231	0.142750880422	0.209156777684	0.566423020545	0.0	0.0	0.0	0.0	0.0	11.234916767
1950s	Electricity	USA_UT_Cedar.City.Muni.AP.724755_TMY3.epw	G4900530270902	53.0	0.120403026794	0.00910503158455	0.00647177154364	0.12539860259	0.437621543181	0.300333109184	0.0	0.0	0.0	0.000666915123088	6.72872730233
1950s	Electricity	USA_UT_Cedar.City.Muni.AP.724755_TMY3.epw	G4900530271000	53.0	0.0986830561857	0.0155166316825	0.00871398754696	0.202201641929	0.674884682656	0.0	0.0	0.0	0.0	0.0	2.14826131072
1950s	Electricity	USA_UT_Cedar.City.Muni.AP.724755_TMY3.epw	G4900530271100	53.0	0.391702502653	0.110781615157	0.0165019954696	0.103697125987	0.377316760733	0.0	0.0	0.0	0.0	0.0	4.60058188163
1950s	Electricity	USA_UT_Cedar.City.Muni.AP.724755_TMY3.epw	G4900530271300	53.0	0.0885057393614	0.101273017439	0.0671441551278	0.0500175055138	0.506248706797	0.0888237795104	0.00430679328571	0.0638662057955	0.0090832555672	0.0207308416016	19.3255722552
1950s	Electricity	USA_UT_Cedar.City.Muni.AP.724755_TMY3.epw	G4900530271400	53.0	0.0788818234765	0.0969958017074	0.101266524221	0.114329864247	0.347667425409	0.0255044709374	0.0590263019046	0.164518366544	0.0110929149528	0.000716506600921	31.0900612154
1950s	Electricity	USA_UT_Cedar.City.Muni.AP.724755_TMY3.epw	G4900550979100	55.0	0.00657675053391	0.0220735609951	0.211319519209	0.0118620845038	0.179910153968	0.138904686873	0.00967667249253	0.0308305896874	0.0064652359506	0.382380745787	8.37738859984
1950s	Electricity	USA_UT_Salt.Lake.City.Intl.AP.725720_TMY3.epw	G4900030960100	3.0	0.00594633794022	0.0132993056316	0.0959719916728	0.242768027484	0.592647296251	0.00664790139519	0.00347668332504	0.0129297437233	0.0070651508475	0.0192475617295	1.3672559696
1950s	Electricity	USA_UT_Salt.Lake.City.Intl.AP.725720_TMY3.epw	G4900030960200	3.0	0.00120815603533	0.00201304407271	0.0243327553968	0.0911657846373	0.336381337414	0.145211261339	0.0219459134084	0.116978760769	0.030047469731	0.230715517197	4.05659588581
1950s	Electricity	USA_UT_Salt.Lake.City.Intl.AP.725720_TMY3.epw	G4900030960300	3.0	0.0437326381606	0.0557300207122	0.116732484325	0.158460760213	0.567457795654	0.00171501951711	0.00585131767536	0.0491423526545	1.89412773835e-05	0.0011586698115	6.28266875051
1950s	Electricity	USA_UT_Salt.Lake.City.Intl.AP.725720_TMY3.epw	G4900030960400	3.0	0.00387664129209	0.0127433587783	0.0522587494587	0.0934424288999	0.386301982177	0.00254382661728	0.03119953187	0.267557407367	0.0453803138352	0.104695759704	3.74404908738
1950s	Electricity	USA_UT_Salt.Lake.City.Intl.AP.725720_TMY3.epw	G4900030960500	3.0	0.00269863349421	0.00167425742535	0.012542415345	0.0439605682893	0.175654901954	0.00237536665458	0.0186920798249	0.130671576909	0.0065482947084	0.605181905395	4.25577363233
1950s	Electricity	USA_UT_Salt.Lake.City.Intl.AP.725720_TMY3.epw	G4900030960601	3.0	0.0	0.0	0.0	0.0	0.0	0.0107149284071	0.079019216795	0.685500019639	0.0147987668589	0.2099670683	4.5544412435
1950s	Electricity	USA_UT_Salt.Lake.City.Intl.AP.725720_TMY3.epw	G4900030960602	3.0	0.0012677642145	0.00213011254772	0.0234185154342	0.0519916918475	0.151648330919	0.044664630239	0.0299606176739	0.195272788653	0.0646006301368	0.435044918334	2.21412681507
1950s	Electricity	USA_UT_Salt.Lake.City.Intl.AP.725720_TMY3.epw	G4900030960701	3.0	0.00964337016527	0.0576575619012	0.18103463782	0.063539526724	0.651884296009	0.0113002130247	0.00160198970262	6.3926988684e-05	0.000395738501378	0.022878739163	5.27251299594
1950s	Electricity	USA_UT_Salt.Lake.City.Intl.AP.725720_TMY3.epw	G4900030960702	3.0	0.00150659745775	0.00728213695612	0.0524490837769	0.125073564923	0.753758545628	0.00954511957972	0.00124337970874	0.000628115255623	0.00278350116713	0.0457299555471	1.18557547394
1950s	Electricity	USA_UT_Salt.Lake.City.Intl.AP.725720_TMY3.epw	G4900030960801	3.0	0.00242231682064	0.00330977163212	0.0109028472384	0.0149509574631	0.381598450308	6.92017262771e-06	2.87980019998e-08	2.08372754886e-06	1.60688046904e-279	0.586806623839	1.52474218737
1950s	Electricity	USA_UT_Salt.Lake.City.Intl.AP.725720_TMY3.epw	G4900030960802	3.0	0.00326990092068	0.00147332946322	0.0402418750794	0.0822819167488	0.872732977788	0.0	0.0	0.0	0.0	0.0	0.275052503097
1950s	Electricity	USA_UT_Salt.Lake.City.Intl.AP.725720_TMY3.epw	G4900050000101	5.0	0.0333526536281	0.0645006750954	0.35321538496	0.0713744769014	0.23774737485	0.00587678840237	0.0022175175201	0.108536679855	0.0787760266385	0.0444024221496	0.055020768972
1950s	Electricity	USA_UT_Salt.Lake.City.Intl.AP.725720_TMY3.epw	G4900050000102	5.0	0.0	0.0	0.0	0.0	0.0	0.0	0.0	0.0	0.0	0.0	0.0
1950s	Electricity	USA_UT_Salt.Lake.City.Intl.AP.725720_TMY3.epw	G4900050000201	5.0	0.000277759360025	0.00750070826723	0.00335529314704	0.00075797515953	0.000659941143304	3.04953453288e-298	4.29691564187e-07	2.28161855487e-05	1.46166602996e-05	0.987410460385	0.929241847333
1950s	Electricity	USA_UT_Salt.Lake.City.Intl.AP.725720_TMY3.epw	G4900050000202	5.0	0.0139305520374	0.0632238152193	0.136045741943	0.0109646237994	0.034075417526	0.142062829218	0.0414776654498	0.494418712494	0.0149630201744	0.0488376221393	3.820937915
1950s	Electricity	USA_UT_Salt.Lake.City.Intl.AP.725720_TMY3.epw	G4900050000300	5.0	0.0177874041261	0.0647231806026	0.353549834284	0.145106277544	0.119291605383	0.299541698061	4.94065645841e-324	4.94065645841e-324	0.0	4.94065645841e-324	2.43554480903
1950s	Electricity	USA_UT_Salt.Lake.City.Intl.AP.725720_TMY3.epw	G4900050000401	5.0	0.00372670807863	0.0141529010585	0.0813733453522	0.0158292132673	0.154341101562	0.254132698457	0.0274643160023	0.292511493827	0.0719970014503	0.0844712209446	2.5190001689
1950s	Electricity	USA_UT_Salt.Lake.City.Intl.AP.725720_TMY3.epw	G4900050000402	5.0	0.00158658360387	0.0202607233742	0.0436068531297	0.00833792841547	0.0954813046147	0.827822414204	4.80570129806e-10	1.67367677094e-06	2.62129805681e-06	0.00289989720311	2.10729760822
1950s	Electricity	USA_UT_Salt.Lake.City.Intl.AP.725720_TMY3.epw	G4900050000403	5.0	0.044555338876	0.0203026349602	0.157687917047	0.0489052104855	0.068314352114	0.597201217805	0.00153249863952	0.0318252815448	0.00845606998258	0.0212194785449	3.34648161055
1950s	Electricity	USA_UT_Salt.Lake.City.Intl.AP.725720_TMY3.epw	G4900050000501	5.0	0.00623551483493	0.00877271862648	0.0490134663363	0.00550451921971	0.0711022320295	0.395730458227	0.000552793556699	0.000456275549317	0.00034997071631	0.462282050903	6.66012404691
1950s	Electricity	USA_UT_Salt.Lake.City.Intl.AP.725720_TMY3.epw	G4900050000600	5.0	0.0729019625278	0.038699059729	0.0267117772802	0.00525887367094	0.0971604892031	0.199355064053	0.0588670039981	0.146179029003	0.033640713174	0.321226027361	29.5849862875
1950s	Electricity	USA_UT_Salt.Lake.City.Intl.AP.725720_TMY3.epw	G4900050000701	5.0	0.00675598956972	0.00466302477137	0.0195741572062	0.00619148873924	0.0750262682358	0.507090858304	0.0628029253293	0.184231858935	0.0266774013493	0.10698602756	11.053962604
1950s	Electricity	USA_UT_Salt.Lake.City.Intl.AP.725720_TMY3.epw	G4900050000800	5.0	0.00251211096461	0.00276498622301	0.12086317152	0.00899759869234	0.0446433529278	0.734839049299	5.95138178394e-05	0.000528226008831	0.000363887108076	0.0844281034386	7.4857409928
1950s	Electricity	USA_UT_Salt.Lake.City.Intl.AP.725720_TMY3.epw	G4900050000900	5.0	0.0103349023399	0.0231899512015	0.0480417329149	0.0124098461239	0.0920629119341	0.348703830848	0.00298310545336	0.10544556737	0.102204673552	0.254623478262	5.6706485869
1950s	Electricity	USA_UT_Salt.Lake.City.Intl.AP.725720_TMY3.epw	G4900050001001	5.0	0.0260069980159	0.0609185928262	0.70329161731	0.154746413103	0.055036378744	0.0	0.0	0.0	0.0	0.0	0.173354267967
1950s	Electricity	USA_UT_Salt.Lake.City.Intl.AP.725720_TMY3.epw	G4900050001002	5.0	0.00862960146141	0.0211184370914	0.258971741256	0.0234602224514	0.229633961094	0.20950635767	0.000665417419368	0.00755026247869	0.0120007893625	0.228463209716	0.987700525617
1950s	Electricity	USA_UT_Salt.Lake.City.Intl.AP.725720_TMY3.epw	G4900050001101	5.0	0.0205649404061	0.171567636701	0.188503960076	0.0764113291597	0.502323757447	0.0396625320129	1.47073817463e-07	1.46958889453e-07	2.47632641835e-08	0.000965525401614	3.5752152059
1950s	Electricity	USA_UT_Salt.Lake.City.Intl.AP.725720_TMY3.epw	G4900050001102	5.0	0.033421792555	0.0587914453606	0.203149064684	0.0385003542566	0.181211131281	0.205905733442	0.00559621352838	0.071977898389	0.0394297693543	0.162016597149	4.64310581811
1950s	Electricity	USA_UT_Salt.Lake.City.Intl.AP.725720_TMY3.epw	G4900050001201	5.0	0.0113936034725	0.0252546873571	0.0688449274061	0.0167688997512	0.0868917974742	0.00217055196845	0.00390335976396	0.429507472651	0.20060280426	0.154661895895	4.75129836985
1950s	Electricity	USA_UT_Salt.Lake.City.Intl.AP.725720_TMY3.epw	G4900050001202	5.0	0.143003075969	0.0870043076545	0.293875752152	0.132893756039	0.343223108185	0.0	0.0	0.0	0.0	0.0	0.3533268142
1950s	Electricity	USA_UT_Salt.Lake.City.Intl.AP.725720_TMY3.epw	G4900050001300	5.0	0.00349543100008	0.0988111628721	0.363340164336	0.0854863779415	0.382687607111	0.000219670311928	0.000157174152777	0.00456844352413	0.00295694527149	0.0582770234787	2.44832997917
1950s	Electricity	USA_UT_Salt.Lake.City.Intl.AP.725720_TMY3.epw	G4900050001401	5.0	0.233416600825	0.00549370666328	0.426179435328	0.214939418368	0.119970838815	0.0	0.0	0.0	0.0	0.0	0.493005778713
1950s	Electricity	USA_UT_Salt.Lake.City.Intl.AP.725720_TMY3.epw	G4900050001402	5.0	0.0331577340316	0.0338733099099	0.312730657878	0.153535094499	0.396297702194	0.0634093361291	0.00103681599444	0.00382191963474	0.00137742231788	0.000760007411384	2.2031898787
1950s	Electricity	USA_UT_Salt.Lake.City.Intl.AP.725720_TMY3.epw	G4900050001500	5.0	0.117464204324	0.118786771008	0.389225124955	0.0895244874158	0.284999412297	0.0	0.0	0.0	0.0	0.0	0.348299625299
1950s	Electricity	USA_UT_Salt.Lake.City.Intl.AP.725720_TMY3.epw	G4900050980100	5.0	9.82587731912e-06	0.0024959641567	0.154989324288	0.146183976582	0.696320909097	0.0	0.0	0.0	0.0	0.0	0.774631222419
1950s	Electricity	USA_UT_Salt.Lake.City.Intl.AP.725720_TMY3.epw	G4900070000100	7.0	0.000129037275169	0.000116741746154	0.0234354873332	0.026791576017	0.0923905325156	0.485294562973	4.94065645841e-324	4.94065645841e-324	0.0612936576647	0.310548404475	2.10957600461
1950s	Electricity	USA_UT_Salt.Lake.City.Intl.AP.725720_TMY3.epw	G4900070000200	7.0	0.00474405868878	0.00203482229437	0.0579094071032	0.0832201603359	0.194094450875	0.456954831862	0.056673183695	0.0314763093843	0.0606705878624	0.0522221878994	7.91271512789
1950s	Electricity	USA_UT_Salt.Lake.City.Intl.AP.725720_TMY3.epw	G4900070000300	7.0	0.0065450353764	0.00536899021637	0.0259292688482	0.0253773907254	0.052898709089	0.577212072432	0.115034204795	0.0564524422976	0.0815554008373	0.0536264853829	9.80705591118
1950s	Electricity	USA_UT_Salt.Lake.City.Intl.AP.725720_TMY3.epw	G4900070000500	7.0	0.0144481500552	0.00714090533969	0.145830271911	0.178492692435	0.542315086628	0.111367626246	0.00040526738403	4.94065645841e-324	0.0	0.0	2.78966992914
1950s	Electricity	USA_UT_Salt.Lake.City.Intl.AP.725720_TMY3.epw	G4900070000600	7.0	0.0599540768508	0.0377318932528	0.11738044124	0.172271443091	0.41140700374	0.121711823036	0.0525227593789	0.00232420862401	0.00445789164813	0.0202384591394	11.4332976629
1950s	Electricity	USA_UT_Salt.Lake.City.Intl.AP.725720_TMY3.epw	G4900110125102	11.0	0.0758433186523	0.0234092725514	0.436493065398	0.229219479336	0.235034864062	0.0	0.0	0.0	0.0	0.0	1.90198584794
1950s	Electricity	USA_UT_Salt.Lake.City.Intl.AP.725720_TMY3.epw	G4900110125103	11.0	0.00266445698749	0.0389012435439	0.594531116673	0.247813215603	0.0986243604792	0.00223202285647	0.00848495662827	0.00674862722881	9.36155419578e-50	0.0	1.09524977599
1950s	Electricity	USA_UT_Salt.Lake.City.Intl.AP.725720_TMY3.epw	G4900110125104	11.0	0.000304571025236	0.0247316213168	0.805015082561	0.0997820838948	0.0701666412024	0.0	0.0	0.0	0.0	0.0	0.350163275947
1950s	Electricity	USA_UT_Salt.Lake.City.Intl.AP.725720_TMY3.epw	G4900110125200	11.0	0.0	0.0	0.0	0.0	0.0	0.00192907594314	0.0189403524806	0.0113790966346	0.152627579209	0.815123895732	0.00136258825525
1950s	Electricity	USA_UT_Salt.Lake.City.Intl.AP.725720_TMY3.epw	G4900110125301	11.0	0.0572877555105	0.0528674124583	0.434586447257	0.203226688992	0.251596847091	0.000434848691566	0.0	0.0	0.0	0.0	9.62062217404
1950s	Electricity	USA_UT_Salt.Lake.City.Intl.AP.725720_TMY3.epw	G4900110125303	11.0	0.138462029966	0.0299089292139	0.639655132507	0.112558587346	0.0792150033032	2.31033039231e-05	0.000118454512297	5.8759848231e-05	6.29650721572e-36	4.2218206327e-34	0.913076998712
1950s	Electricity	USA_UT_Salt.Lake.City.Intl.AP.725720_TMY3.epw	G4900110125304	11.0	0.116692636813	0.00957984035595	0.517313157244	0.205482484716	0.150712294657	3.90905330154e-07	0.000170519916857	3.13081557628e-05	8.01472296199e-06	9.35251213079e-06	1.22222823939
1950s	Electricity	USA_UT_Salt.Lake.City.Intl.AP.725720_TMY3.epw	G4900110125305	11.0	0.0373021300851	0.0112580155167	0.582579003633	0.210475970296	0.155702420999	0.000232358757564	0.00133382066925	0.00099175346399	0.000124526579224	1.4580026287e-104	0.15245639338
1950s	Electricity	USA_UT_Salt.Lake.City.Intl.AP.725720_TMY3.epw	G4900110125401	11.0	0.00117114582547	0.0894010510818	0.303711887917	0.348078658881	0.257637256295	0.0	0.0	0.0	0.0	0.0	1.22565605697
1950s	Electricity	USA_UT_Salt.Lake.City.Intl.AP.725720_TMY3.epw	G4900110125403	11.0	0.0688847202083	0.0283068907744	0.604220468864	0.179722089365	0.118865830788	0.0	0.0	0.0	0.0	0.0	2.10649898754
1950s	Electricity	USA_UT_Salt.Lake.City.Intl.AP.725720_TMY3.epw	G4900110125406	11.0	0.0475365565154	0.0161253587991	0.610548880537	0.198919338212	0.126869865936	0.0	0.0	0.0	0.0	0.0	0.361958004501
1950s	Electricity	USA_UT_Salt.Lake.City.Intl.AP.725720_TMY3.epw	G4900110125501	11.0	0.125400485837	0.0149594572578	0.303699983524	0.289259719245	0.266680354137	0.0	0.0	0.0	0.0	0.0	0.601626739982
1950s	Electricity	USA_UT_Salt.Lake.City.Intl.AP.725720_TMY3.epw	G4900110125502	11.0	0.0699803334167	0.0172983198005	0.526408207542	0.212424271133	0.17329799612	4.10241754491e-05	5.20669336326e-05	6.40812464795e-05	9.86753213488e-06	0.000423832100436	7.29764820238
1950s	Electricity	USA_UT_Salt.Lake.City.Intl.AP.725720_TMY3.epw	G4900110125503	11.0	0.0401903976765	0.0394780087408	0.408887851595	0.29404522086	0.195322205038	2.96439387505e-323	9.88131291682e-324	9.88131291682e-324	0.0	0.0220763160894	0.536198070493
1950s	Electricity	USA_UT_Salt.Lake.City.Intl.AP.725720_TMY3.epw	G4900110125600	11.0	0.0	0.0	0.0	0.0	0.0	0.29430313957	0.570891380811	0.133917103571	0.0	0.000888376048334	0.000525186520723
1950s	Electricity	USA_UT_Salt.Lake.City.Intl.AP.725720_TMY3.epw	G4900110125701	11.0	0.00849126016543	0.0306417656654	0.351785497576	0.23863565781	0.370363141184	5.88515334747e-05	1.59259386488e-05	7.90012739741e-06	0.0	0.0	5.01272930288
1950s	Electricity	USA_UT_Salt.Lake.City.Intl.AP.725720_TMY3.epw	G4900110125702	11.0	0.0302815460374	0.0818984077618	0.411811470081	0.220323113522	0.241109739883	1.25247668854e-219	0.0	0.0	0.00258719078188	0.0119885319329	35.4295454833
1950s	Electricity	USA_UT_Salt.Lake.City.Intl.AP.725720_TMY3.epw	G4900110125801	11.0	0.115884385043	0.0234972208906	0.587948265018	0.122361440064	0.150108562701	0.000200126282579	9.88131291682e-324	9.88131291682e-324	4.94065645841e-324	1.97626258336e-323	1.62472131534
1950s	Electricity	USA_UT_Salt.Lake.City.Intl.AP.725720_TMY3.epw	G4900110125804	11.0	0.203320138619	0.0304682226986	0.390920577988	0.210955040856	0.164336019839	0.0	0.0	0.0	0.0	0.0	1.18776348083
1950s	Electricity	USA_UT_Salt.Lake.City.Intl.AP.725720_TMY3.epw	G4900110125805	11.0	0.299717786624	0.0051182598376	0.29576591332	0.211636353225	0.175360716409	0.00852149162994	0.0	0.0	0.0	0.00387947895482	0.550903653866
1950s	Electricity	USA_UT_Salt.Lake.City.Intl.AP.725720_TMY3.epw	G4900110125807	11.0	0.249889672242	0.0939513879293	0.424315910205	0.0951889275611	0.136654102062	0.0	0.0	0.0	0.0	0.0	0.758738197456
1950s	Electricity	USA_UT_Salt.Lake.City.Intl.AP.725720_TMY3.epw	G4900110125808	11.0	0.0934419175247	0.0484606095201	0.708866006422	0.0812324177554	0.0679990487773	0.0	0.0	0.0	0.0	0.0	3.97444797205
1950s	Electricity	USA_UT_Salt.Lake.City.Intl.AP.725720_TMY3.epw	G4900110125905	11.0	0.0115465248328	0.0621341856781	0.331992573845	0.249184072689	0.344809213186	0.000263364247498	6.95525805669e-05	2.4572281385e-07	6.95994566747e-09	2.60259141965e-07	8.74844103174
1950s	Electricity	USA_UT_Salt.Lake.City.Intl.AP.725720_TMY3.epw	G4900110125906	11.0	0.127037448606	0.00695814713685	0.366366354847	0.269393407136	0.230244642274	0.0	0.0	0.0	0.0	0.0	3.42276615548
1950s	Electricity	USA_UT_Salt.Lake.City.Intl.AP.725720_TMY3.epw	G4900110125907	11.0	0.198076099009	0.0230327282997	0.522642363532	0.0845410513203	0.171707757839	0.0	0.0	0.0	0.0	0.0	0.0641094267466
1950s	Electricity	USA_UT_Salt.Lake.City.Intl.AP.725720_TMY3.epw	G4900110125908	11.0	0.0722472278489	0.00794547835639	0.240046546693	0.226483659892	0.453277087209	0.0	0.0	0.0	0.0	0.0	0.639383029055
1950s	Electricity	USA_UT_Salt.Lake.City.Intl.AP.725720_TMY3.epw	G4900110126001	11.0	0.00945965637175	0.0285960050788	0.467674535448	0.281400766342	0.21286903676	0.0	0.0	0.0	0.0	0.0	9.15491437978
1950s	Electricity	USA_UT_Salt.Lake.City.Intl.AP.725720_TMY3.epw	G4900110126002	11.0	0.0420071214864	0.0370941841222	0.46419767994	0.283743215696	0.172526281867	0.000228703950882	0.000202812937574	0.0	0.0	0.0	4.09986113989
1950s	Electricity	USA_UT_Salt.Lake.City.Intl.AP.725720_TMY3.epw	G4900110126101	11.0	0.000932683269388	0.0346691583062	0.595487020247	0.106466538796	0.259107916649	0.000633825775027	0.00120215574958	0.0015007011995	4.94065645841e-324	7.95001170756e-12	2.86778244771
1950s	Electricity	USA_UT_Salt.Lake.City.Intl.AP.725720_TMY3.epw	G4900110126104	11.0	0.178862848208	0.181212555689	0.292711437869	0.189464519706	0.157748638528	0.0	0.0	0.0	0.0	0.0	2.27313850933
1950s	Electricity	USA_UT_Salt.Lake.City.Intl.AP.725720_TMY3.epw	G4900110126202	11.0	2.45589472934e-06	0.0378212956793	0.666121969212	0.0113855825201	0.284668696694	0.0	0.0	0.0	0.0	0.0	0.774986260115
1950s	Electricity	USA_UT_Salt.Lake.City.Intl.AP.725720_TMY3.epw	G4900110126203	11.0	0.0	0.0	0.0	0.0	0.0	0.210651068391	0.00653952884941	0.263100937472	0.363536621857	0.156171843431	2.71468421976
1950s	Electricity	USA_UT_Salt.Lake.City.Intl.AP.725720_TMY3.epw	G4900110126204	11.0	0.000155816897077	0.0257084037076	0.53304710421	0.0134512172487	0.125563361161	2.73566508111e-05	1.11827065782e-05	0.102110938447	0.170562115949	0.0293625030212	2.65537325993
1950s	Electricity	USA_UT_Salt.Lake.City.Intl.AP.725720_TMY3.epw	G4900110126303	11.0	0.0278301457045	0.0333457161055	0.77394658636	0.000837864777286	0.164039687053	0.0	0.0	0.0	0.0	0.0	0.802198780378
1950s	Electricity	USA_UT_Salt.Lake.City.Intl.AP.725720_TMY3.epw	G4900110126304	11.0	0.268947527798	0.0262910405053	0.501808068161	0.00112408750271	0.201829276033	0.0	0.0	0.0	0.0	0.0	1.44317122107
1950s	Electricity	USA_UT_Salt.Lake.City.Intl.AP.725720_TMY3.epw	G4900110126305	11.0	0.00488235196343	0.00971968576015	0.15805484346	0.0372643436766	0.403806645624	0.0097426246579	0.11591178109	0.0600902320932	0.0806858670365	0.119841624637	8.55892155646
1950s	Electricity	USA_UT_Salt.Lake.City.Intl.AP.725720_TMY3.epw	G4900110126306	11.0	0.000271779789096	0.0217222683418	0.216908590177	0.00567439216986	0.301276028363	3.07512585871e-05	0.0132359311771	0.142563068975	0.190809826393	0.107507363354	14.9329911273
1950s	Electricity	USA_UT_Salt.Lake.City.Intl.AP.725720_TMY3.epw	G4900110126402	11.0	0.413937897065	0.0202793512617	0.414768811426	0.00033414281048	0.150679797437	0.0	0.0	0.0	0.0	0.0	0.109045261096
1950s	Electricity	USA_UT_Salt.Lake.City.Intl.AP.725720_TMY3.epw	G4900110126404	11.0	8.08609868144e-05	0.0271370533287	0.711241908262	0.0101456749226	0.2513945025	0.0	0.0	0.0	0.0	0.0	4.03853882575
