Dependency=Vintage	Dependency=Heating Fuel	Dependency=Location EPW	Dependency=Location Census Tract	Dependency=County	Option=owner 0-30	Option=owner 30-50	Option=owner 50-80	Option=owner 80-100	Option=owner 100+	Option=renter 0-30	Option=renter 30-50	Option=renter 50-80	Option=renter 80-100	Option=renter 100+	Count
1950s	Electricity	USA_ID_Pocatello.Muni.AP.725780_TMY3.epw	G3000010000100	1.0	0.0950804141426	0.066935521461	0.122703804521	0.03835910374	0.126570646873	0.0813549206664	0.195228916834	0.0713749442434	0.0632417675521	0.139149959966	2.76663982853
1950s	Electricity	USA_ID_Pocatello.Muni.AP.725780_TMY3.epw	G3000010000200	1.0	0.0	0.0	0.0	0.0	0.0	0.0	0.0	0.0	0.0	0.0	0.0
1950s	Electricity	USA_ID_Pocatello.Muni.AP.725780_TMY3.epw	G3000310001500	31.0	0.0610945763569	0.0208211492528	0.0696978820671	0.00804004460417	0.253068997756	0.22598490386	0.201737760514	0.112254158596	0.0148872580135	0.0324132689793	0.284973992253
1950s	Electricity	USA_ID_Pocatello.Muni.AP.725780_TMY3.epw	G3000570000100	57.0	0.0	0.0	0.0	0.0	0.0	0.0	0.0	0.0	0.0	0.0	0.0
1950s	Electricity	USA_ID_Pocatello.Muni.AP.725780_TMY3.epw	G3000570000300	57.0	0.0	0.0	0.0	0.0	0.0	0.0	0.0	0.0	0.0	0.0	0.0
1950s	Electricity	USA_MT_Billings-Logan.Intl.AP.726770_TMY3.epw	G3000030000100	3.0	0.0641855311207	0.0545106753277	0.0747670427589	0.1000140202	0.293829752047	0.164498076015	0.00480365556743	0.0845403026848	0.0250824777796	0.133768466499	10.3159647834
1950s	Electricity	USA_MT_Billings-Logan.Intl.AP.726770_TMY3.epw	G3000030940400	3.0	0.280962391108	0.0495199474981	0.177789378016	0.0857345929041	0.242862296679	0.0923221335589	0.000566029458283	0.00632777596704	0.0125067986724	0.0514086561382	1.62628545749
1950s	Electricity	USA_MT_Billings-Logan.Intl.AP.726770_TMY3.epw	G3000030940500	3.0	0.0950368395478	0.0661451338675	0.232505684305	0.0918916915661	0.212660312533	0.0908857192216	0.0910839746387	0.0452218576517	0.0176028012181	0.0569659854504	3.49829080501
1950s	Electricity	USA_MT_Billings-Logan.Intl.AP.726770_TMY3.epw	G3000030940600	3.0	0.166432166168	0.106018060393	0.11090285055	0.0564339583927	0.222203377688	0.0443122829592	0.0454780150325	0.0475641130181	0.0547086418646	0.145946533935	3.23325997003
1950s	Electricity	USA_MT_Billings-Logan.Intl.AP.726770_TMY3.epw	G3000030940700	3.0	0.0	0.0	0.0	0.0	0.0	0.0	0.0	0.0	0.0	0.0	0.0
1950s	Electricity	USA_MT_Billings-Logan.Intl.AP.726770_TMY3.epw	G3000090000100	9.0	0.0858538312138	0.00480581490404	0.0550024264875	0.0332304994622	0.222201998757	0.0252722951883	0.0553550397875	0.241105135447	0.0312963473183	0.245876611434	4.76364036987
1950s	Electricity	USA_MT_Billings-Logan.Intl.AP.726770_TMY3.epw	G3000090000200	9.0	0.15291069381	0.00861308867863	0.0551859683466	0.0275821176891	0.470319977772	0.125500429191	0.00330771761354	0.0117152797889	0.0337014825428	0.111163244568	3.19900593363
1950s	Electricity	USA_MT_Billings-Logan.Intl.AP.726770_TMY3.epw	G3000090000300	9.0	0.0472437012402	0.000500130571293	0.00861993880627	0.0117268701962	0.148132091971	0.157764760353	0.0971186184261	0.19201480712	0.0532188540282	0.283660227288	8.71838452726
1950s	Electricity	USA_MT_Billings-Logan.Intl.AP.726770_TMY3.epw	G3000090000400	9.0	0.0606238946706	0.0067070972747	0.073363999043	0.0296897192578	0.236405950301	0.272477044724	0.0873415865289	0.0761276319764	0.0734275309313	0.0838355452917	4.71694621569
1950s	Electricity	USA_MT_Billings-Logan.Intl.AP.726770_TMY3.epw	G3000090000500	9.0	0.188258106228	0.0099839744188	0.0711920888899	0.0132861475445	0.0922008823628	0.367879476344	0.0399526727593	0.0237077669269	0.00347398484654	0.190064899679	2.45212595954
1950s	Electricity	USA_MT_Billings-Logan.Intl.AP.726770_TMY3.epw	G3000110000300	11.0	0.0294758443192	0.0568119199671	0.0722553996322	0.0293465750486	0.20880540775	0.0158983936792	0.0299937128063	0.0443964883947	0.117721782282	0.395294476121	0.0059371697228
1950s	Electricity	USA_MT_Billings-Logan.Intl.AP.726770_TMY3.epw	G3000330000100	33.0	0.0677085653822	0.163372525601	0.170187244494	0.0981979008229	0.182986295088	0.0297630030649	0.0440418603104	0.132771990037	0.0454900182824	0.0654805969165	0.231871087691
1950s	Electricity	USA_MT_Billings-Logan.Intl.AP.726770_TMY3.epw	G3000370000100	37.0	0.018506191471	0.110512786283	0.141239860564	0.102696605322	0.259469444775	0.164741013441	0.153565358141	0.000579250427953	2.29570765501e-06	0.0486871938668	0.724879144901
1950s	Electricity	USA_MT_Billings-Logan.Intl.AP.726770_TMY3.epw	G3000650000100	65.0	0.0786143281214	0.147091562238	0.221274264834	0.156835181444	0.342475721942	0.00182535111764	0.00144806580314	0.0129880255096	0.0350445337976	0.00240296519322	3.42771197103
1950s	Electricity	USA_MT_Billings-Logan.Intl.AP.726770_TMY3.epw	G3000650000200	65.0	0.0659482655385	0.112114895082	0.142197174733	0.0864321205364	0.338032176114	0.0441642184231	0.00993183138062	0.07048101258	0.0426589182992	0.0880393873126	10.1087767728
1950s	Electricity	USA_MT_Billings-Logan.Intl.AP.726770_TMY3.epw	G3000670000100	67.0	0.129487032887	0.000515050658546	0.11261369185	0.000722953237953	0.0773737956452	0.18403266994	0.126566828595	0.213439575691	0.0117868646555	0.14346153684	0.240209431315
1950s	Electricity	USA_MT_Billings-Logan.Intl.AP.726770_TMY3.epw	G3000670000200	67.0	0.0279360646324	0.00305486051733	0.0449234363544	0.0170957840786	0.176719216747	0.269463877933	0.00580677361975	0.0557932844959	0.0431678248272	0.356038876794	0.502329448798
1950s	Electricity	USA_MT_Billings-Logan.Intl.AP.726770_TMY3.epw	G3000670000500	67.0	0.0522699912689	0.000285892933113	0.003290151032	0.00819002745754	0.234335827605	0.215204233019	0.0314473547604	0.163042032702	0.052137298725	0.239797190497	2.97407247282
1950s	Electricity	USA_MT_Billings-Logan.Intl.AP.726770_TMY3.epw	G3000690000100	69.0	0.0619492402739	0.061620671442	0.18278587736	0.0541980127883	0.387774845304	0.0320702715261	0.0206048175154	0.0895022911807	0.0441778667498	0.0653161058599	0.0840685889289
1950s	Electricity	USA_MT_Billings-Logan.Intl.AP.726770_TMY3.epw	G3000870000100	87.0	0.0438354617057	0.103506599733	0.088328068596	0.0749776049095	0.21922546505	0.062071449881	0.0719689157088	0.0670929733307	0.102988620656	0.166004840429	0.384751852048
1950s	Electricity	USA_MT_Billings-Logan.Intl.AP.726770_TMY3.epw	G3000870000200	87.0	0.0424287464037	0.133726406284	0.122950857612	0.068425742451	0.261034167218	0.0381992203565	0.0470723655765	0.0284900512935	0.149031312114	0.108641130691	0.0390432068525
1950s	Electricity	USA_MT_Billings-Logan.Intl.AP.726770_TMY3.epw	G3000950966400	95.0	0.0679719253501	0.014798979596	0.0507713081845	0.0322571761357	0.295759684369	0.117252185124	0.0726209954196	0.0948478813717	0.00947310242587	0.244246762024	10.9915174319
1950s	Electricity	USA_MT_Billings-Logan.Intl.AP.726770_TMY3.epw	G3000950966500	95.0	0.0723582173385	0.101949444617	0.258921981229	0.0296205811808	0.431268130729	0.0121769622354	0.00820246101433	0.0591195625267	0.00326767734679	0.0231149817825	3.13145450302
1950s	Electricity	USA_MT_Billings-Logan.Intl.AP.726770_TMY3.epw	G3000950966600	95.0	0.0614939196199	0.00279836685237	0.0398100095777	0.0535653776809	0.255364326984	0.101123397682	0.0318516118221	0.029942004135	0.0197305373743	0.404320448272	5.93221046443
1950s	Electricity	USA_MT_Billings-Logan.Intl.AP.726770_TMY3.epw	G3000970967000	97.0	0.0988181031063	0.0037221833818	0.0698622340244	0.0650968558084	0.273847065782	0.0811719478294	0.136376374739	0.111369616747	0.0301447256044	0.129590892976	7.79491324926
1950s	Electricity	USA_MT_Billings-Logan.Intl.AP.726770_TMY3.epw	G3001030963500	103.0	0.0147933934133	0.111663743201	0.139673098312	0.0236253992951	0.228166765933	0.0430102377926	0.0391342208357	0.0776026271515	0.0446816213769	0.277648892689	0.92988685928
1950s	Electricity	USA_MT_Billings-Logan.Intl.AP.726770_TMY3.epw	G3001110000200	111.0	0.043369105014	0.000205300833514	0.0270036547575	0.0503547573408	0.378433736855	0.0509100899121	0.151367169479	0.205689955916	0.0325371201085	0.0601291097829	15.9465613622
1950s	Electricity	USA_MT_Billings-Logan.Intl.AP.726770_TMY3.epw	G3001110000300	111.0	0.0212502099242	0.00493099320657	0.00982906591334	0.00901940728682	0.0676271422672	0.526463851566	0.31552584213	0.0402913665443	4.64522747606e-07	0.00506165663886	18.6328229774
1950s	Electricity	USA_MT_Billings-Logan.Intl.AP.726770_TMY3.epw	G3001110000401	111.0	0.0259060066299	0.0013239707731	0.000179303761834	0.0016632157303	0.0378105204158	0.195434150061	0.6367128336	0.00166831033969	0.00452371392313	0.094777974765	3.82300202201
1950s	Electricity	USA_MT_Billings-Logan.Intl.AP.726770_TMY3.epw	G3001110000402	111.0	0.0284707488019	0.0033145054378	0.00016304056619	0.000669848528149	0.0148182764493	0.37681282724	4.94065645841e-324	0.530569224645	0.0	0.0451815283324	6.44562854457
1950s	Electricity	USA_MT_Billings-Logan.Intl.AP.726770_TMY3.epw	G3001110000500	111.0	0.0602715675798	0.00042793506041	0.0222906412611	0.04147256986	0.275483508028	0.392031935119	0.0463394748529	2.99688038364e-05	0.00611047468316	0.155541924752	16.8322756959
1950s	Electricity	USA_MT_Billings-Logan.Intl.AP.726770_TMY3.epw	G3001110000600	111.0	0.0322700575704	0.0132952564276	0.00312776710469	0.0224028957855	0.393044860881	0.223855892509	0.312003269722	4.94065645841e-324	4.94065645841e-324	4.94065645841e-324	2.90152639694
1950s	Electricity	USA_MT_Billings-Logan.Intl.AP.726770_TMY3.epw	G3001110000701	111.0	0.0118238632705	0.0109197121176	0.000521659667641	9.4828619131e-07	0.797469226419	0.148675411119	0.00629416923484	0.000847009976162	0.00778940159466	0.0156585983137	2.00772760681
1950s	Electricity	USA_MT_Billings-Logan.Intl.AP.726770_TMY3.epw	G3001110000702	111.0	0.0201964388886	0.00012410877635	6.10852710069e-05	0.000341816873491	0.7463982407	0.0899201679668	0.120280287249	0.000500573964096	0.00564612619962	0.0165311541116	1.45027128232
1950s	Electricity	USA_MT_Billings-Logan.Intl.AP.726770_TMY3.epw	G3001110000704	111.0	0.175382412965	0.0025855463775	0.000910105666323	0.000235828965176	0.820886106026	0.0	0.0	0.0	0.0	0.0	0.681309651801
1950s	Electricity	USA_MT_Billings-Logan.Intl.AP.726770_TMY3.epw	G3001110000706	111.0	0.00411089447303	4.19090549743e-06	2.83828836206e-05	4.00221696752e-05	0.853751535232	0.0422620943191	1.73675871463e-05	0.0408713777742	0.0589138410479	2.93607857187e-07	2.37546609567
1950s	Electricity	USA_MT_Billings-Logan.Intl.AP.726770_TMY3.epw	G3001110000800	111.0	0.0574183031339	0.0745957788409	0.140670970594	0.158920088346	0.245476805469	0.0225243171841	0.0296326940198	0.0466143767903	0.148535746247	0.0756109193749	5.98213309633
1950s	Electricity	USA_MT_Billings-Logan.Intl.AP.726770_TMY3.epw	G3001110000901	111.0	0.0623214637968	0.00949149806562	0.241216084173	0.0737646325056	0.476550887386	0.00030467084089	0.0818313322892	0.0171826251039	0.0125049602537	0.0248318455848	6.53291431735
1950s	Electricity	USA_MT_Billings-Logan.Intl.AP.726770_TMY3.epw	G3001110000902	111.0	0.358878796008	0.00633872186498	0.116676836167	0.013900644247	0.311154635182	0.126857180333	0.00755582747668	0.00143918584957	0.0229180869831	0.0342800858882	8.91081617259
1950s	Electricity	USA_MT_Billings-Logan.Intl.AP.726770_TMY3.epw	G3001110001000	111.0	0.0926700612071	0.0465638299737	0.0698715544522	0.0372353900013	0.434890848125	0.140242218922	0.0438291510458	0.037191593345	0.0438537762984	0.0536515766296	42.6402861475
1950s	Electricity	USA_MT_Billings-Logan.Intl.AP.726770_TMY3.epw	G3001110001100	111.0	0.0595059925539	0.00158819121086	0.0926773462673	0.0645597936957	0.679748527576	0.0780275289126	0.0107081907957	1.55176706355e-74	3.5100244772e-70	0.0131844289884	56.211250508
1950s	Electricity	USA_MT_Billings-Logan.Intl.AP.726770_TMY3.epw	G3001110001200	111.0	0.00393496740472	0.00257232266165	0.00110820357147	0.00158137757781	0.265162991797	0.725640136987	1.48219693752e-323	1.48219693752e-323	9.88131291682e-324	2.47032822921e-323	1.74947421206
1950s	Electricity	USA_MT_Billings-Logan.Intl.AP.726770_TMY3.epw	G3001110001300	111.0	0.125997269071	0.0302606264295	0.0374412535129	0.0146798913542	0.468250005282	0.263678065106	0.0432086999052	2.09554966039e-07	2.12093144689e-06	0.016481858852	10.7578502782
1950s	Electricity	USA_MT_Billings-Logan.Intl.AP.726770_TMY3.epw	G3001110001401	111.0	0.0522383919771	0.0825449837185	0.148754630722	0.126482252545	0.281333730304	0.015586799399	0.0210383771501	0.0485215349446	0.0340434853241	0.189455813915	8.71225497545
1950s	Electricity	USA_MT_Billings-Logan.Intl.AP.726770_TMY3.epw	G3001110001402	111.0	0.0463401842983	0.0538103178651	0.158364331171	0.173017885167	0.563861748723	0.00113852854943	0.00169397018243	0.00177303404368	2.59820216753e-273	1.48219693752e-323	1.74286602441
1950s	Electricity	USA_MT_Billings-Logan.Intl.AP.726770_TMY3.epw	G3001110001501	111.0	0.0649136138951	0.0735798760985	0.184049613366	0.125116385248	0.443333010547	0.0324650813384	0.000188382810014	0.0193645674881	0.0307296376724	0.0262598315359	15.5764755746
1950s	Electricity	USA_MT_Billings-Logan.Intl.AP.726770_TMY3.epw	G3001110001502	111.0	0.0596922043946	0.178987024265	0.174771101578	0.121705172146	0.346379521681	0.0443553440627	0.0219403287471	0.0100339208721	0.0218668391719	0.0202685430812	15.4674373966
1950s	Electricity	USA_MT_Billings-Logan.Intl.AP.726770_TMY3.epw	G3001110001702	111.0	0.0655712372447	0.044712378809	0.124787367551	0.0272977977367	0.549226342467	0.000170593657329	0.119753355201	9.06011158023e-05	0.00832276580979	0.0600675604074	13.8847237673
1950s	Electricity	USA_MT_Billings-Logan.Intl.AP.726770_TMY3.epw	G3001110001703	111.0	0.000130767343272	3.6198710764e-31	2.17955045788e-05	3.49636219284e-05	0.99981247353	0.0	0.0	0.0	0.0	0.0	0.295851298069
1950s	Electricity	USA_MT_Billings-Logan.Intl.AP.726770_TMY3.epw	G3001110001704	111.0	0.00127418736638	3.15400580098e-05	0.000246948155458	0.000182180761615	0.998265143659	0.0	0.0	0.0	0.0	0.0	0.464857312428
1950s	Electricity	USA_MT_Billings-Logan.Intl.AP.726770_TMY3.epw	G3001110001802	111.0	0.00161623298961	0.00255228597319	0.000239982423725	0.000189134511006	0.64296386851	3.49540500297e-06	0.00316245837671	0.000577447757135	0.134330122179	0.214364971875	2.13498008489
1950s	Electricity	USA_MT_Billings-Logan.Intl.AP.726770_TMY3.epw	G3001110001803	111.0	0.116005970285	0.0138988336808	0.0718346963107	0.0359247808308	0.672992664983	0.0280032302006	5.36293244492e-05	0.0160702154956	0.0306959793167	0.0145199995725	5.99341510242
1950s	Electricity	USA_MT_Billings-Logan.Intl.AP.726770_TMY3.epw	G3001110001804	111.0	0.0524057936177	8.52475767684e-05	0.000117689922751	0.0140359432125	0.501589695304	0.345288836421	0.0684111578732	0.00124641693822	0.0106906844794	0.00612853465477	6.51290372633
1950s	Electricity	USA_MT_Billings-Logan.Intl.AP.726770_TMY3.epw	G3001110001901	111.0	0.0652755869237	0.0952010150558	0.141350437901	0.15404540386	0.349026112505	0.069766154951	0.00999921085424	0.0333456092256	0.020376617066	0.0616138516579	5.86282339272
1950s	Electricity	USA_MT_Billings-Logan.Intl.AP.726770_TMY3.epw	G3001110001902	111.0	0.0811085255483	0.0357141613247	0.170974362792	0.164124756906	0.332346129162	0.032933240918	0.0186892012651	0.0947248134744	0.0380281121313	0.0313566964774	11.8853006894
1950s	Electricity	USA_MT_Billings-Logan.Intl.AP.726770_TMY3.epw	G3001110940000	111.0	0.0475814070634	0.0854467559433	0.166849707987	0.134316777109	0.406085618923	0.00536812272494	0.00848530255441	0.0497962777824	0.0526503398108	0.0434196901023	12.9482338285
1950s	Electricity	USA_MT_Cut.Bank.Muni.AP.727796_TMY3.epw	G3000290000100	29.0	0.135810671653	0.109474486749	0.0599986676549	0.0915707240033	0.425648446321	0.027003741653	0.00290634309938	0.028854188883	0.0458633796664	0.0728693503167	0.00658965720457
1950s	Electricity	USA_MT_Cut.Bank.Muni.AP.727796_TMY3.epw	G3000350940200	35.0	0.260482263744	0.197737120917	0.090287258489	0.0772447368839	0.163194946658	0.0937260341068	0.060664454222	0.0263745919772	0.0127022804835	0.0175863125188	18.1467328348
1950s	Electricity	USA_MT_Cut.Bank.Muni.AP.727796_TMY3.epw	G3000350940400	35.0	0.253693761444	0.147407455962	0.0505760429586	0.0635081921528	0.24445943529	0.0483551147424	0.0550468676552	0.114568888262	0.0121373369582	0.0102469045748	13.6854125965
1950s	Electricity	USA_MT_Cut.Bank.Muni.AP.727796_TMY3.epw	G3000350976000	35.0	0.0887735722167	0.123054836669	0.0862390695103	0.0353907326012	0.397024835868	0.0653481723851	0.0372265748423	0.155970727257	0.00863595387188	0.00233552477838	22.9280896442
1950s	Electricity	USA_MT_Cut.Bank.Muni.AP.727796_TMY3.epw	G3000410040100	41.0	0.102820419346	0.103755291719	0.147317477057	0.102326538501	0.40252303706	0.0999889405575	0.00194821922399	0.0164737172971	0.00772437092124	0.0151219883168	0.880924284656
1950s	Electricity	USA_MT_Cut.Bank.Muni.AP.727796_TMY3.epw	G3000410040200	41.0	0.0301963434474	0.0378375112808	0.100595055353	0.0304313053342	0.236523808213	0.157063592517	0.00358050676676	0.228245569052	0.10426826182	0.0712580462154	0.0864559966349
1950s	Electricity	USA_MT_Cut.Bank.Muni.AP.727796_TMY3.epw	G3000490000100	49.0	0.0	0.0	0.0	0.0	0.0	0.0	0.0	0.0	0.0	0.0	0.0
1950s	Electricity	USA_MT_Cut.Bank.Muni.AP.727796_TMY3.epw	G3000510050100	51.0	0.0510261521626	0.0445702798862	0.120194456805	0.0338713495049	0.672778288682	0.0158481171693	0.00368815948484	0.0209818228131	0.00230621381547	0.0347351596769	4.24521855085
1950s	Electricity	USA_MT_Cut.Bank.Muni.AP.727796_TMY3.epw	G3000730977000	73.0	0.057432645063	0.0551556242114	0.120396735331	0.0370288732036	0.434509110771	0.0288620312345	0.0209438784071	0.0673148116374	0.0280951193811	0.15026117076	12.9065080695
1950s	Electricity	USA_MT_Cut.Bank.Muni.AP.727796_TMY3.epw	G3000730977200	73.0	0.083021767071	0.0513469639215	0.0946424904114	0.031755796569	0.238194792165	0.120028919243	0.0911713221835	0.155348575891	0.0402998299814	0.0941895425629	13.2760639859
1950s	Electricity	USA_MT_Cut.Bank.Muni.AP.727796_TMY3.epw	G3000770000100	77.0	0.0	0.0	0.0	0.0	0.0	0.0	0.0	0.0	0.0	0.0	0.0
1950s	Electricity	USA_MT_Cut.Bank.Muni.AP.727796_TMY3.epw	G3000990000100	99.0	0.0428682529062	0.0749085771084	0.17729025779	0.0352808225332	0.561738764287	0.0169827610311	0.0284932569575	0.0350638608386	0.00935528357633	0.0180181629719	2.28237530567
1950s	Electricity	USA_MT_Cut.Bank.Muni.AP.727796_TMY3.epw	G3000990000300	99.0	0.0442146450006	0.0193234584345	0.0568805206585	0.0112603853315	0.19700626575	0.0596907547299	0.0983878688864	0.197175704488	0.132468373496	0.183592023225	5.95020964291
1950s	Electricity	USA_MT_Cut.Bank.Muni.AP.727796_TMY3.epw	G3001010000100	101.0	0.0735678610634	0.099862772288	0.155141091235	0.0442465070975	0.399145157421	0.00551889972956	0.0029467940197	0.0808472037651	0.0419429380039	0.0967807753761	19.2039531858
1950s	Electricity	USA_MT_Cut.Bank.Muni.AP.727796_TMY3.epw	G3001010000200	101.0	0.0202566967403	0.0324616758183	0.0517818140146	0.0414450984918	0.208845254659	0.0979006863259	0.0861524045918	0.165332763133	0.097127543038	0.198696063187	51.9867493164
1950s	Electricity	USA_MT_Glasgow.Intl.AP.727680_TMY3.epw	G3000050000100	5.0	0.115115029992	0.0682817591795	0.102718816319	0.0740821282089	0.358626811014	0.0686059564929	0.011660366475	0.0994039897171	0.0579243255657	0.0435808170352	9.54819262009
1950s	Electricity	USA_MT_Glasgow.Intl.AP.727680_TMY3.epw	G3000050000200	5.0	0.0473634572315	0.0461487870676	0.121546293536	0.0723092568018	0.317385966123	0.082405543049	0.0670160622808	0.0596335980375	0.0987711856556	0.0874198502178	1.90324738048
1950s	Electricity	USA_MT_Glasgow.Intl.AP.727680_TMY3.epw	G3000050940100	5.0	0.089246867303	0.084615956298	0.0611398302147	0.040986592108	0.082104744421	0.196059434519	0.0528563480865	0.160185201302	0.0962508063484	0.136554219399	7.91152393252
1950s	Electricity	USA_MT_Glasgow.Intl.AP.727680_TMY3.epw	G3000050940200	5.0	0.132475463998	0.0278373497936	0.122962628747	0.0312107196867	0.0773112723392	0.0854579879237	0.0467544457034	0.308465863346	0.0552708326978	0.112253435765	0.072914485795
1950s	Electricity	USA_MT_Glasgow.Intl.AP.727680_TMY3.epw	G3000190020300	19.0	0.0250158642673	0.111178841831	0.211665910557	0.10488895333	0.339787143972	0.0843936292518	0.0316645526361	0.0570657532066	0.0221988268902	0.0121405240578	28.8972454825
1950s	Electricity	USA_MT_Glasgow.Intl.AP.727680_TMY3.epw	G3000210000100	21.0	0.0770124720673	0.0868982436545	0.160960892854	0.0827225157229	0.276974616068	0.0396497944807	0.0383136365361	0.0871941884095	0.0818324183712	0.0684412218356	1.77246749767
1950s	Electricity	USA_MT_Glasgow.Intl.AP.727680_TMY3.epw	G3000330000100	33.0	0.0677085653822	0.163372525601	0.170187244494	0.0981979008229	0.182986295088	0.0297630030649	0.0440418603104	0.132771990037	0.0454900182824	0.0654805969165	11.4865369595
1950s	Electricity	USA_MT_Glasgow.Intl.AP.727680_TMY3.epw	G3000410040200	41.0	0.0301963434474	0.0378375112808	0.100595055353	0.0304313053342	0.236523808213	0.157063592517	0.00358050676676	0.228245569052	0.10426826182	0.0712580462154	0.153699549573
1950s	Electricity	USA_MT_Glasgow.Intl.AP.727680_TMY3.epw	G3000550954000	55.0	0.0658740815509	0.0959452811267	0.273951302193	0.176224674915	0.291194651074	0.0166579497557	0.00559765389608	0.0382905864637	0.0271959256902	0.00906789333431	18.4084451864
1950s	Electricity	USA_MT_Glasgow.Intl.AP.727680_TMY3.epw	G3000690000100	69.0	0.0619492402739	0.061620671442	0.18278587736	0.0541980127883	0.387774845304	0.0320702715261	0.0206048175154	0.0895022911807	0.0441778667498	0.0653161058599	0.0575206134777
1950s	Electricity	USA_MT_Glasgow.Intl.AP.727680_TMY3.epw	G3000710060200	71.0	0.0936437236731	0.171029277821	0.178084162358	0.129691942428	0.28102448009	0.0187667927134	0.000590444280902	0.0515972916341	0.0286126017441	0.0469592832562	16.2692968052
1950s	Electricity	USA_MT_Glasgow.Intl.AP.727680_TMY3.epw	G3000830070100	83.0	0.0982111365262	0.114841861976	0.109433785505	0.131727673772	0.211099765866	0.0680877887709	0.031002308485	0.0270154275325	0.0679310999395	0.140649151627	10.4183276167
1950s	Electricity	USA_MT_Glasgow.Intl.AP.727680_TMY3.epw	G3000830070200	83.0	0.0473768145606	0.0723840114872	0.104478206152	0.0511371909858	0.306574855448	0.0390687860942	0.0152842368173	0.135099367769	0.0919651027994	0.136631427886	6.33361265863
1950s	Electricity	USA_MT_Glasgow.Intl.AP.727680_TMY3.epw	G3000830070300	83.0	0.119210976299	0.11648858432	0.0988599696204	0.144761219712	0.372653251657	0.000691004442978	0.00420980479817	0.0107308809729	0.0613166002619	0.0710777079155	15.3029108682
1950s	Electricity	USA_MT_Glasgow.Intl.AP.727680_TMY3.epw	G3000830070400	83.0	0.0431912784486	0.0730630591895	0.0281228188159	0.146511124527	0.259107344716	0.0156352153758	0.0806796023242	0.159863607484	0.154834195722	0.0389917533967	14.7081332798
1950s	Electricity	USA_MT_Glasgow.Intl.AP.727680_TMY3.epw	G3000850080100	85.0	0.0457579877914	0.114401345655	0.230613820977	0.102912546434	0.416936096308	0.00696142852273	0.0261633137494	0.00416860326071	0.0103102497294	0.041774607572	8.57320702376
1950s	Electricity	USA_MT_Glasgow.Intl.AP.727680_TMY3.epw	G3000850940001	85.0	0.137955512039	0.130378507841	0.16843916692	0.0608129774218	0.258082450922	0.0310710892324	0.0202003962805	0.051072311859	0.0400646781891	0.101922909295	23.2722289324
1950s	Electricity	USA_MT_Glasgow.Intl.AP.727680_TMY3.epw	G3000850940002	85.0	0.22749566834	0.111083772774	0.106422820351	0.0376596199209	0.22099746411	0.0584642958259	0.0215369256762	0.0891078336254	0.0377562220851	0.0894753772927	14.9779959658
1950s	Electricity	USA_MT_Glasgow.Intl.AP.727680_TMY3.epw	G3000910090200	91.0	0.0374043386677	0.133919932409	0.19001384406	0.118585321958	0.28337891094	0.0290182150006	0.0382162964229	0.0951582457499	0.0494965127274	0.0248083820646	32.6299502346
1950s	Electricity	USA_MT_Glasgow.Intl.AP.727680_TMY3.epw	G3000910090400	91.0	0.0462794921912	0.162181362593	0.206638172077	0.120002839239	0.267609054839	0.0311272469685	0.0112270486377	0.0251694635212	0.0475037077099	0.082261612223	20.6950412682
1950s	Electricity	USA_MT_Glasgow.Intl.AP.727680_TMY3.epw	G3001050100100	105.0	0.0531664453669	0.11289382517	0.192577415968	0.0896801772531	0.341613002221	0.119775588259	0.0214348800694	0.0217898898051	0.0218818458434	0.0251869300446	7.27016596399
1950s	Electricity	USA_MT_Glasgow.Intl.AP.727680_TMY3.epw	G3001050100500	105.0	0.0246766061385	0.108128428642	0.0870872180472	0.0848243696463	0.425390840764	0.0758762038928	0.00850569849736	0.0204015056174	0.0423344492444	0.12277467951	24.9713787486
1950s	Electricity	USA_MT_Glasgow.Intl.AP.727680_TMY3.epw	G3001050940600	105.0	0.117493341522	0.140218190432	0.184828987088	0.138337404785	0.300525255915	0.00246535198614	1.28452515492e-10	6.02355807144e-137	0.0538369661418	0.0622945020019	14.6845269962
1950s	Electricity	USA_MT_Glasgow.Intl.AP.727680_TMY3.epw	G3001090000100	109.0	0.0	0.0	0.0	0.0	0.0	0.0	0.0	0.0	0.0	0.0	0.0
1950s	Electricity	USA_MT_Great.Falls.Intl.AP.727750_TMY3.epw	G3000050000200	5.0	0.0473634572315	0.0461487870676	0.121546293536	0.0723092568018	0.317385966123	0.082405543049	0.0670160622808	0.0596335980375	0.0987711856556	0.0874198502178	0.350598201668
1950s	Electricity	USA_MT_Great.Falls.Intl.AP.727750_TMY3.epw	G3000130000100	13.0	0.105175511622	0.0839772888045	0.169343670611	0.0469316080811	0.55919294128	0.000255063460726	0.00023331854536	6.75155983048e-05	0.00101026055929	0.0338128214373	3.49931085766
1950s	Electricity	USA_MT_Great.Falls.Intl.AP.727750_TMY3.epw	G3000130000200	13.0	0.054462986318	0.078528181543	0.0939583143238	0.102731004487	0.499381743616	0.0234441908221	0.00640106474219	0.0590023647094	0.0493178520967	0.0327722973414	16.5443332997
1950s	Electricity	USA_MT_Great.Falls.Intl.AP.727750_TMY3.epw	G3000130000300	13.0	0.0669930694261	0.040009961887	0.0384480122147	0.0516968565665	0.221415930891	0.228955582494	0.0408232018012	0.106445768836	0.0870840666379	0.118127549246	13.596640335
1950s	Electricity	USA_MT_Great.Falls.Intl.AP.727750_TMY3.epw	G3000130000400	13.0	0.0315518006129	0.0138287721528	0.0351536659889	0.164897110666	0.506947428456	0.022973748689	0.0189617264568	0.0764943719388	0.111361084529	0.0178302905098	1.62507543395
1950s	Electricity	USA_MT_Great.Falls.Intl.AP.727750_TMY3.epw	G3000130000700	13.0	0.0072737958889	0.00203516744978	0.00343389967381	0.0182735204179	0.0293041422926	0.198759926749	0.0458177046319	0.243152677663	0.213866942291	0.238082222942	15.7883140923
1950s	Electricity	USA_MT_Great.Falls.Intl.AP.727750_TMY3.epw	G3000130000800	13.0	0.0221758924298	0.0387751486639	0.0500547808647	0.0130145686928	0.0577181034753	0.194213951624	0.0664046784827	0.19649519802	0.194911147101	0.166236530647	7.81523509741
1950s	Electricity	USA_MT_Great.Falls.Intl.AP.727750_TMY3.epw	G3000130000900	13.0	0.140090371719	0.0764856742601	0.0581412159129	0.0609085090854	0.22932239325	0.237891726719	0.0101825215321	0.0893170020305	0.0732541008399	0.0244064846517	20.1048614101
1950s	Electricity	USA_MT_Great.Falls.Intl.AP.727750_TMY3.epw	G3000130001000	13.0	0.107946128812	0.132884881952	0.13556676724	0.104257888102	0.519344333894	0.0	0.0	0.0	0.0	0.0	19.4309063762
1950s	Electricity	USA_MT_Great.Falls.Intl.AP.727750_TMY3.epw	G3000130001100	13.0	0.0399117347554	0.090241414515	0.060270934875	0.0636964870691	0.525249527965	0.0402035940073	0.0129620643187	0.00565756043122	0.0121568101909	0.149649871872	12.6939929642
1950s	Electricity	USA_MT_Great.Falls.Intl.AP.727750_TMY3.epw	G3000130001200	13.0	0.0	0.0	0.0	0.0	0.0	0.0469792197612	0.0430398250772	0.228747861133	0.429840283264	0.251392810764	0.325245218648
1950s	Electricity	USA_MT_Great.Falls.Intl.AP.727750_TMY3.epw	G3000130001600	13.0	0.114400788457	0.0991914852647	0.133277326658	0.0748322672393	0.210031831779	0.164238901861	0.0304455961922	0.0360397052329	0.0453454189413	0.0921966783744	13.5351172169
1950s	Electricity	USA_MT_Great.Falls.Intl.AP.727750_TMY3.epw	G3000130001700	13.0	0.127586405529	0.0303831619846	0.0405933190744	0.0346855923165	0.456311257076	0.0164714369678	0.023456869934	0.0534856101691	0.0473396907072	0.169686656241	3.31306487751
1950s	Electricity	USA_MT_Great.Falls.Intl.AP.727750_TMY3.epw	G3000130001800	13.0	0.1054368798	0.0945513490789	0.101179772038	0.0423437583142	0.389327716144	0.0251940481225	0.032650027426	0.0407818170972	0.0182369927946	0.150297639185	5.89339878789
1950s	Electricity	USA_MT_Great.Falls.Intl.AP.727750_TMY3.epw	G3000130001900	13.0	0.101526475916	0.0758377488392	0.163083780321	0.0147199598652	0.644832035059	0.0	0.0	0.0	0.0	0.0	1.49202981592
1950s	Electricity	USA_MT_Great.Falls.Intl.AP.727750_TMY3.epw	G3000130002100	13.0	0.0991421426631	0.0328793917242	0.0281474403977	0.0161616962613	0.823669328954	0.0	0.0	0.0	0.0	0.0	0.539183017197
1950s	Electricity	USA_MT_Great.Falls.Intl.AP.727750_TMY3.epw	G3000130002200	13.0	0.0424582802574	0.0153785540983	0.0212833658146	0.0512517538588	0.536655265809	0.00280228575663	0.0135403161416	0.117333043457	0.178556283191	0.0207408516153	6.0024738773
1950s	Electricity	USA_MT_Great.Falls.Intl.AP.727750_TMY3.epw	G3000130002300	13.0	0.0663465517616	0.0677767057628	0.108446774673	0.0230487648348	0.734381202968	0.0	0.0	0.0	0.0	0.0	7.55346045995
1950s	Electricity	USA_MT_Great.Falls.Intl.AP.727750_TMY3.epw	G3000130010100	13.0	0.0795723803751	0.0404543611727	0.0767591820226	0.0674083971389	0.309114671715	0.132060882855	0.0202593670985	0.119590057682	0.131369773635	0.0234109263047	7.68931281747
1950s	Electricity	USA_MT_Great.Falls.Intl.AP.727750_TMY3.epw	G3000130010400	13.0	0.0734076646487	0.0880552799348	0.115365696461	0.0387588089919	0.278407141441	0.0435991389511	0.0285993079201	0.155274949933	0.0842831267686	0.0942488849503	7.35822457663
1950s	Electricity	USA_MT_Great.Falls.Intl.AP.727750_TMY3.epw	G3000130010600	13.0	0.0460516008074	0.0760240850626	0.121459023434	0.108418626554	0.420645716995	0.0365461323586	0.047560583617	0.0682005713926	0.00926591874314	0.0658277410361	8.29676218998
1950s	Electricity	USA_MT_Great.Falls.Intl.AP.727750_TMY3.epw	G3000130010700	13.0	0.0705602436536	0.0629764238688	0.193138300865	0.0874715823815	0.401006732346	0.142108561009	0.00547928925254	0.00312968007735	0.0054417147923	0.0286874717541	4.78613143832
1950s	Electricity	USA_MT_Great.Falls.Intl.AP.727750_TMY3.epw	G3000130010800	13.0	0.0	0.0	0.0	0.0	0.0	0.205290679454	0.0142463004744	0.383848411483	0.253401576998	0.143213031591	2.2777897218
1950s	Electricity	USA_MT_Great.Falls.Intl.AP.727750_TMY3.epw	G3000150010200	15.0	0.057589698262	0.0678265195476	0.129900552363	0.0270845405205	0.476279208487	0.0340607699767	0.0368510705492	0.0861661961925	0.0194945730903	0.0647468710111	9.54164868707
1950s	Electricity	USA_MT_Great.Falls.Intl.AP.727750_TMY3.epw	G3000150010300	15.0	0.0598345588455	0.0766754392671	0.163242276325	0.0465033730898	0.336356486192	0.125095956916	0.0321762554623	0.0997698205621	0.0156177922923	0.0447280410479	12.6211907454
1950s	Electricity	USA_MT_Great.Falls.Intl.AP.727750_TMY3.epw	G3000410040100	41.0	0.102820419346	0.103755291719	0.147317477057	0.102326538501	0.40252303706	0.0999889405575	0.00194821922399	0.0164737172971	0.00772437092124	0.0151219883168	3.54450637369
1950s	Electricity	USA_MT_Great.Falls.Intl.AP.727750_TMY3.epw	G3000410040200	41.0	0.0301963434474	0.0378375112808	0.100595055353	0.0304313053342	0.236523808213	0.157063592517	0.00358050676676	0.228245569052	0.10426826182	0.0712580462154	0.895299876264
1950s	Electricity	USA_MT_Great.Falls.Intl.AP.727750_TMY3.epw	G3000410040400	41.0	0.0526444312158	0.065498434468	0.120257810332	0.0834493121336	0.478261282511	0.0921786274377	0.00336986721748	0.0326530290936	0.0139118390061	0.0577753665848	0.0320097160266
1950s	Electricity	USA_MT_Great.Falls.Intl.AP.727750_TMY3.epw	G3000410940300	41.0	0.0835376679031	0.0539657905949	0.261842296561	0.201073708961	0.153041604379	0.0636860275577	0.0104436284303	0.114425571882	0.0267162004546	0.031267503277	1.67278590563
1950s	Electricity	USA_MT_Great.Falls.Intl.AP.727750_TMY3.epw	G3000450000100	45.0	0.0961510176048	0.0681148637228	0.172472360234	0.0540253240043	0.39950522735	0.0250881612696	0.0215345352256	0.0698078636336	0.02876039392	0.0645402530352	0.965444841727
1950s	Electricity	USA_MT_Great.Falls.Intl.AP.727750_TMY3.epw	G3000490000100	49.0	0.255265280315	0.109112969629	0.18691282552	0.040217932281	0.129669235163	0.131159733035	0.137424989869	0.0102101493583	2.19698842901e-07	2.66651314646e-05	1.22171572687
1950s	Electricity	USA_MT_Great.Falls.Intl.AP.727750_TMY3.epw	G3000490000300	49.0	0.105015357617	0.0841005910807	0.206751751333	0.186451803025	0.392952870943	0.00642305497322	0.00853077323436	0.00175045633572	0.000640773828959	0.00738256762865	0.228862712494
1950s	Electricity	USA_MT_Great.Falls.Intl.AP.727750_TMY3.epw	G3000510050100	51.0	0.0510261521626	0.0445702798862	0.120194456805	0.0338713495049	0.672778288682	0.0158481171693	0.00368815948484	0.0209818228131	0.00230621381547	0.0347351596769	1.4716757643
1950s	Electricity	USA_MT_Great.Falls.Intl.AP.727750_TMY3.epw	G3000590000100	59.0	0.0638757801064	0.0661282685585	0.201989001864	0.0839202102883	0.244685993967	0.114999975276	0.00840056525517	0.0786177732886	0.104769659427	0.0326127719681	0.0880899767326
1950s	Electricity	USA_MT_Great.Falls.Intl.AP.727750_TMY3.epw	G3000730977000	73.0	0.057432645063	0.0551556242114	0.120396735331	0.0370288732036	0.434509110771	0.0288620312345	0.0209438784071	0.0673148116374	0.0280951193811	0.15026117076	1.93376197915
1950s	Electricity	USA_MT_Great.Falls.Intl.AP.727750_TMY3.epw	G3000990000100	99.0	0.0428682529062	0.0749085771084	0.17729025779	0.0352808225332	0.561738764287	0.0169827610311	0.0284932569575	0.0350638608386	0.00935528357633	0.0180181629719	7.16506874565
1950s	Electricity	USA_MT_Great.Falls.Intl.AP.727750_TMY3.epw	G3000990000200	99.0	0.0329745639289	0.0480075373323	0.0983650232762	0.0267362130326	0.371373397428	0.016264621333	0.0278815772794	0.129914402921	0.0445474785087	0.20393518496	8.27400867974
1950s	Electricity	USA_MT_Great.Falls.Intl.AP.727750_TMY3.epw	G3000990000300	99.0	0.0442146450006	0.0193234584345	0.0568805206585	0.0112603853315	0.19700626575	0.0596907547299	0.0983878688864	0.197175704488	0.132468373496	0.183592023225	0.349149382399
1950s	Electricity	USA_MT_Great.Falls.Intl.AP.727750_TMY3.epw	G3001010000200	101.0	0.0202566967403	0.0324616758183	0.0517818140146	0.0414450984918	0.208845254659	0.0979006863259	0.0861524045918	0.165332763133	0.097127543038	0.198696063187	0.0814839330977
1950s	Electricity	USA_MT_Helena.Rgnl.AP.727720_TMY3.epw	G3000010000100	1.0	0.0950804141426	0.066935521461	0.122703804521	0.03835910374	0.126570646873	0.0813549206664	0.195228916834	0.0713749442434	0.0632417675521	0.139149959966	2.67441850092
1950s	Electricity	USA_MT_Helena.Rgnl.AP.727720_TMY3.epw	G3000010000200	1.0	0.119784333364	0.114535601342	0.174895359773	0.0797386502561	0.377560629193	0.0440309001518	0.0779482492029	0.00971215719775	2.63890103284e-06	0.00179148061792	8.16571601336
1950s	Electricity	USA_MT_Helena.Rgnl.AP.727720_TMY3.epw	G3000010000300	1.0	0.0607031526128	0.089341224559	0.140518313903	0.0774400903216	0.221738052061	0.0536811810331	0.0904229722273	0.17298669006	0.0334218040451	0.0597465191767	27.3397658585
1950s	Electricity	USA_MT_Helena.Rgnl.AP.727720_TMY3.epw	G3000070000100	7.0	0.256653500392	0.107968270823	0.141706212633	0.0333996799593	0.228357639396	0.0295012162445	0.0457779593098	0.156249973723	3.78440503712e-05	0.000347703468877	4.08928292178
1950s	Electricity	USA_MT_Helena.Rgnl.AP.727720_TMY3.epw	G3000070000200	7.0	0.0104810674831	0.0183001225439	0.0590806749611	0.0182876746501	0.199631122502	0.157319319785	0.282550731969	3.454763895e-07	0.0113988535724	0.242950087056	5.5844184965
1950s	Electricity	USA_MT_Helena.Rgnl.AP.727720_TMY3.epw	G3000130010400	13.0	0.0734076646487	0.0880552799348	0.115365696461	0.0387588089919	0.278407141441	0.0435991389511	0.0285993079201	0.155274949933	0.0842831267686	0.0942488849503	0.0355040992841
1950s	Electricity	USA_MT_Helena.Rgnl.AP.727720_TMY3.epw	G3000230000300	23.0	0.00948390114829	0.129045729745	0.0227673273624	0.00160056165843	0.037107408573	0.29379237566	0.255170793684	0.155383477449	0.0013888879235	0.0942595367972	11.1894130654
1950s	Electricity	USA_MT_Helena.Rgnl.AP.727720_TMY3.epw	G3000230000400	23.0	0.188868222154	0.0965219129161	0.0945317956963	0.00906829299013	0.225851492963	0.173843485828	0.158521414322	0.0299931952352	0.000822731742657	0.0219774561528	22.9452037672
1950s	Electricity	USA_MT_Helena.Rgnl.AP.727720_TMY3.epw	G3000230000500	23.0	0.169477611825	0.154572799797	0.198771580319	0.0191027444214	0.441834317769	0.0092090347159	0.00140550197414	0.00562200789657	0.0	4.40128252397e-06	9.61227451438
1950s	Electricity	USA_MT_Helena.Rgnl.AP.727720_TMY3.epw	G3000310000101	31.0	0.0345954308975	0.0450364116232	0.164232373218	0.0383283496577	0.442763894131	0.0905935306548	0.0552701018581	0.00767207892577	0.000126935978639	0.121380893056	3.68732320462
1950s	Electricity	USA_MT_Helena.Rgnl.AP.727720_TMY3.epw	G3000310000102	31.0	0.0382740920979	0.0170474775828	0.0229596064184	0.00427731406972	0.337648190035	0.0956567163451	0.0461807089193	0.0853891793506	4.94065645841e-324	0.352566715181	2.70298866592
1950s	Electricity	USA_MT_Helena.Rgnl.AP.727720_TMY3.epw	G3000310000103	31.0	0.0148945440821	0.0511410717567	0.206495609473	0.0480234438944	0.309378918201	0.328852230445	0.0412141821474	0.0	0.0	0.0	12.1831279252
1950s	Electricity	USA_MT_Helena.Rgnl.AP.727720_TMY3.epw	G3000310000200	31.0	0.0683917666794	0.0054120230278	0.0413847958989	0.0503038477719	0.248485079402	0.537171729935	0.0269622269748	0.00621510343939	0.00968193394391	0.00599149292718	5.74337357579
1950s	Electricity	USA_MT_Helena.Rgnl.AP.727720_TMY3.epw	G3000310000300	31.0	0.0715754661889	0.0132311071523	0.0555205383131	0.0340560630471	0.319780377083	0.389935130397	0.04191650288	0.000821536205096	0.00130695602561	0.0718563227072	1.77631935868
1950s	Electricity	USA_MT_Helena.Rgnl.AP.727720_TMY3.epw	G3000310000400	31.0	0.0472203543646	0.00922730812468	0.064428220751	0.0479823847459	0.168668170643	0.149023198124	0.0523338605994	0.104199495592	0.021637331872	0.335279675183	10.8528161064
1950s	Electricity	USA_MT_Helena.Rgnl.AP.727720_TMY3.epw	G3000310000501	31.0	0.10099418601	0.0106157418246	0.0359459655765	0.0147787418297	0.152603067608	0.00955855313501	0.0491281725893	0.0801480740769	0.126525525259	0.419701972091	1.92859195969
1950s	Electricity	USA_MT_Helena.Rgnl.AP.727720_TMY3.epw	G3000310000502	31.0	0.00151843958505	0.0055707911483	0.0223721372382	0.013374082145	0.154695439417	0.029904164112	0.00785644699677	0.053318068635	0.0312123007124	0.68017813001	3.5276382257
1950s	Electricity	USA_MT_Helena.Rgnl.AP.727720_TMY3.epw	G3000310000503	31.0	0.0881383062982	0.0352637149272	0.14981647763	0.115126517336	0.611654983808	0.0	0.0	0.0	0.0	0.0	1.35687492873
1950s	Electricity	USA_MT_Helena.Rgnl.AP.727720_TMY3.epw	G3000310000504	31.0	0.0259526941558	0.0357260570913	0.0952545841192	0.0710031903492	0.772063474284	0.0	0.0	0.0	0.0	0.0	4.17906317582
1950s	Electricity	USA_MT_Helena.Rgnl.AP.727720_TMY3.epw	G3000310000600	31.0	0.0134163456482	8.93876375376e-05	0.000181875319849	0.000226677405847	0.0835668553206	0.235255882421	0.070008965647	0.0731634632843	0.0368308030724	0.487259744244	12.123046503
1950s	Electricity	USA_MT_Helena.Rgnl.AP.727720_TMY3.epw	G3000310000701	31.0	0.0309289703429	0.00262174412441	0.0120157064221	0.00594559779059	0.0619439572568	0.0218216388262	0.0166065698595	0.114045535301	0.0218362992217	0.712233980855	10.8429107479
1950s	Electricity	USA_MT_Helena.Rgnl.AP.727720_TMY3.epw	G3000310000702	31.0	0.059429293866	0.0627644993274	0.263619077821	0.0346632847063	0.579523844279	0.0	0.0	0.0	0.0	0.0	3.07493899514
1950s	Electricity	USA_MT_Helena.Rgnl.AP.727720_TMY3.epw	G3000310000800	31.0	0.0161223066831	0.000482846958081	0.00137208364867	0.000462333916744	0.0704335567876	0.247240794397	0.0650888305627	0.122786323095	0.0747891244331	0.401221799519	8.98230129202
1950s	Electricity	USA_MT_Helena.Rgnl.AP.727720_TMY3.epw	G3000310000900	31.0	0.0336856662389	0.0235866560938	0.071968825075	0.0411498451362	0.127767048778	0.639797886321	0.0189336804869	0.00198437659275	0.00362970227307	0.0374963130043	16.7301464841
1950s	Electricity	USA_MT_Helena.Rgnl.AP.727720_TMY3.epw	G3000310001001	31.0	0.190571339012	0.0171156080603	0.230839016964	0.329471239646	0.232002796318	0.0	0.0	0.0	0.0	0.0	0.151660597153
