Dependency=Vintage	Dependency=Heating Fuel	Dependency=Location EPW	Dependency=Location Census Tract	Dependency=County	Option=owner 0-30	Option=owner 30-50	Option=owner 50-80	Option=owner 80-100	Option=owner 100+	Option=renter 0-30	Option=renter 30-50	Option=renter 50-80	Option=renter 80-100	Option=renter 100+	Count
1950s	Electricity	USA_OH_Columbus-Port.Columbus.Intl.AP.724280_TMY3.epw	G5400170965000	17.0	0.0963103359822	0.0980390811732	0.157333578814	0.00176885477938	0.646548149251	0.0	0.0	0.0	0.0	0.0	0.0217140996262
1950s	Electricity	USA_OH_Columbus-Port.Columbus.Intl.AP.724280_TMY3.epw	G5400950961800	95.0	0.252093560025	0.0127933470113	0.115744965029	0.080335066559	0.354612938743	0.0131484440393	0.0448009287221	0.0727542855404	0.0380939839176	0.0156224804137	1.40352835658
1950s	Electricity	USA_OH_Columbus-Port.Columbus.Intl.AP.724280_TMY3.epw	G5400950961900	95.0	0.194305985875	0.00878281524685	0.0662025556299	0.0417098526456	0.216608079235	0.0488424566173	0.134961640887	0.106612674476	0.0563744999309	0.125599439457	1.16757047839
1950s	Electricity	USA_OH_Columbus-Port.Columbus.Intl.AP.724280_TMY3.epw	G5400950962000	95.0	0.858564806974	0.00102046002404	0.0468114857515	0.0344105700487	0.0591926772022	0.0	0.0	0.0	0.0	0.0	0.0371675897428
1950s	Electricity	USA_OH_Columbus-Port.Columbus.Intl.AP.724280_TMY3.epw	G5401030004900	103.0	0.267661930084	0.019552337194	0.138843746529	0.059999746354	0.300606507426	0.146597412489	0.0467416260419	0.0153483872404	0.000706928312379	0.00394137833	8.84505175355
1950s	Electricity	USA_OH_Columbus-Port.Columbus.Intl.AP.724280_TMY3.epw	G5401030030400	103.0	0.77188024409	0.00339212090649	0.120145221689	0.00424616117574	0.0419966916685	0.00321308522551	5.38683008889e-05	0.0256758348871	0.000135835176193	0.0292609368798	0.041006067245
1950s	Electricity	USA_OH_Columbus-Port.Columbus.Intl.AP.724280_TMY3.epw	G5401030030500	103.0	0.503765999885	0.0176713817057	0.169401432207	0.0437085705016	0.204154948733	0.0109701670395	0.00275945143709	0.039784098091	2.66306903223e-279	0.00778395039966	0.010443269029
1950s	Electricity	USA_OH_Columbus-Port.Columbus.Intl.AP.724280_TMY3.epw	G5401030030700	103.0	0.122136500901	0.0195331498348	0.170166560359	0.0804478860333	0.447631723521	0.0227714514303	0.0932720751278	0.0403385988728	0.000210502104363	0.00349155181502	6.45665763906
1950s	Electricity	USA_OH_Columbus-Port.Columbus.Intl.AP.724280_TMY3.epw	G5401030030800	103.0	0.154198232215	0.00754341030616	0.217321333487	0.0670024444792	0.278501901521	0.0930979551117	0.00543960955965	0.107546950021	0.000304937728083	0.0690432255712	3.01416227625
1950s	Electricity	USA_PA_Harrisburg-Capital.City.AP.725118_TMY3.epw	G5400030971102	3.0	0.137902997024	0.132555524847	0.199656295718	0.0100194939238	0.519865688488	0.0	0.0	0.0	0.0	0.0	0.280354184298
1950s	Electricity	USA_PA_Harrisburg-Capital.City.AP.725118_TMY3.epw	G5400030971201	3.0	0.0709517557415	0.139414101497	0.12685375275	0.00786827989554	0.296441670305	0.0486920343594	0.00335742247017	0.00613114252976	0.000303389055572	0.299986451396	0.146503201192
1950s	Electricity	USA_PA_Harrisburg-Capital.City.AP.725118_TMY3.epw	G5400030971202	3.0	0.0832017613303	0.08665352781	0.2355260972	0.0153997604855	0.579218853175	0.0	0.0	0.0	0.0	0.0	0.755202575576
1950s	Electricity	USA_PA_Harrisburg-Capital.City.AP.725118_TMY3.epw	G5400650970700	65.0	0.134432185167	0.220829777096	0.214935363726	0.011452894277	0.418349779734	0.0	0.0	0.0	0.0	0.0	15.2393760733
1950s	Electricity	USA_PA_Harrisburg-Capital.City.AP.725118_TMY3.epw	G5400650970800	65.0	0.166993889647	0.217341420132	0.103700830348	0.0054372782936	0.282830567971	0.0642497888076	0.0329229591497	0.041353234181	0.00235102898576	0.0828190024844	2.90775618259
1950s	Electricity	USA_PA_Pittsburgh.Intl.AP.725200_TMY3.epw	G5400090031101	9.0	0.0556692980619	0.119747363426	0.0633288141224	0.0601651558892	0.320665259008	0.032620144421	0.00401019369885	0.0279438707421	0.0204676415417	0.295382259089	48.4346406009
1950s	Electricity	USA_PA_Pittsburgh.Intl.AP.725200_TMY3.epw	G5400090031102	9.0	0.0812223412377	0.117898597307	0.064039028824	0.0431289739985	0.306031274193	0.0628356261534	0.124363613599	0.000282382245449	0.000821729952081	0.19937643249	13.8922306665
1950s	Electricity	USA_PA_Pittsburgh.Intl.AP.725200_TMY3.epw	G5400090031200	9.0	0.12249205052	0.0254914486211	0.0539203659279	0.0404502434009	0.264234236652	0.113118645975	0.0333639234026	0.115228884365	0.063643027076	0.16805717406	27.5882408377
1950s	Electricity	USA_PA_Pittsburgh.Intl.AP.725200_TMY3.epw	G5400090031400	9.0	0.0447403771562	0.00437310869821	0.066801877363	0.0324752893445	0.298810821292	0.105970660635	0.117366628057	0.05944881195	0.0309203566428	0.239092068861	15.1791764089
1950s	Electricity	USA_PA_Pittsburgh.Intl.AP.725200_TMY3.epw	G5400090031600	9.0	0.102079372108	0.0515224613885	0.146583578346	0.100598365228	0.579632514688	0.00527034262141	0.000399195785934	0.000264667105146	0.000224340602664	0.0134251621263	14.4675355474
1950s	Electricity	USA_PA_Pittsburgh.Intl.AP.725200_TMY3.epw	G5400090031700	9.0	0.159071384104	0.0929580357028	0.130490494636	0.114422810406	0.489997975201	0.00296229535439	0.00211600720596	4.0227566011e-05	1.17097525708e-05	0.00792906007172	27.8048420915
1950s	Electricity	USA_PA_Pittsburgh.Intl.AP.725200_TMY3.epw	G5400170965000	17.0	0.0963103359822	0.0980390811732	0.157333578814	0.00176885477938	0.646548149251	0.0	0.0	0.0	0.0	0.0	0.15900324565
1950s	Electricity	USA_PA_Pittsburgh.Intl.AP.725200_TMY3.epw	G5400290020600	29.0	0.121993984701	0.104673026065	0.13517751414	0.04479134659	0.280922830734	0.032594338733	0.000188965914841	0.020326449532	1.67689154339e-05	0.259314774674	12.6941576658
1950s	Electricity	USA_PA_Pittsburgh.Intl.AP.725200_TMY3.epw	G5400290020700	29.0	0.102621320165	0.104973865993	0.0871229850616	0.0423019974292	0.252374338293	0.061894885263	0.0268936251531	0.181099610676	0.0179313312226	0.122786040743	13.4865284677
1950s	Electricity	USA_PA_Pittsburgh.Intl.AP.725200_TMY3.epw	G5400290020900	29.0	0.0267049217821	0.00640851816599	0.0623560412838	0.0992109492494	0.41001053365	0.056329174764	4.05011664112e-05	0.0145619845541	0.125656698786	0.198720676599	24.4644457473
1950s	Electricity	USA_PA_Pittsburgh.Intl.AP.725200_TMY3.epw	G5400290021100	29.0	0.178234858488	0.0500564362003	0.101098004774	0.0709412647357	0.573823695363	0.00796849980608	0.00525636272905	0.00054690470499	0.0057567351153	0.00631723808424	13.1613258835
1950s	Electricity	USA_PA_Pittsburgh.Intl.AP.725200_TMY3.epw	G5400290021200	29.0	0.0658088688371	0.0132261457935	0.0816360132587	0.13361666086	0.624011519599	0.00296224525273	4.99110953529e-05	0.0121193997614	0.00775241652519	0.0588168190162	15.6591275355
1950s	Electricity	USA_PA_Pittsburgh.Intl.AP.725200_TMY3.epw	G5400290021300	29.0	0.229406796037	0.0666294449222	0.10421788024	0.0434128177859	0.321155123937	0.027433343921	2.71858193097e-06	3.90686322351e-05	8.29392942257e-11	0.207702805859	7.70726405412
1950s	Electricity	USA_PA_Pittsburgh.Intl.AP.725200_TMY3.epw	G5400290021400	29.0	0.0804550003691	0.149859816559	0.134637904951	0.0442891749493	0.213303494982	0.130245185782	0.108792737063	0.0258830303265	0.0170394674327	0.0954941875855	24.829312304
1950s	Electricity	USA_PA_Pittsburgh.Intl.AP.725200_TMY3.epw	G5400290021500	29.0	0.114798648982	0.00293007730479	0.0821166622144	0.0809754035705	0.32659518599	0.012562722754	0.000435810522032	0.0388289707809	0.0244634660991	0.316293051782	15.6014787882
1950s	Electricity	USA_PA_Pittsburgh.Intl.AP.725200_TMY3.epw	G5400330030800	33.0	0.109793260516	0.0900273179047	0.088412968564	0.049906865073	0.326906274806	0.239122021622	0.00891524566574	0.00381529959225	0.00477621298602	0.0783245332698	0.14717623285
1950s	Electricity	USA_PA_Pittsburgh.Intl.AP.725200_TMY3.epw	G5400330031700	33.0	0.163060048649	0.0866943155625	0.11310536735	0.0786490018695	0.558491266568	0.0	0.0	0.0	0.0	0.0	0.301415889228
1950s	Electricity	USA_PA_Pittsburgh.Intl.AP.725200_TMY3.epw	G5400330031800	33.0	0.0185560967251	0.046225685716	0.0847404584565	0.0276873028461	0.281332137646	0.205397566233	0.0819365011811	0.0342131354679	0.0637079802929	0.156203135435	2.60133302505
1950s	Electricity	USA_PA_Pittsburgh.Intl.AP.725200_TMY3.epw	G5400330031900	33.0	0.0928967830375	0.0523625519691	0.0635660452288	0.0624674269457	0.465479308119	0.0785168317761	0.00284689027334	0.0406801621685	0.0468883893972	0.0942956110845	5.39914496315
1950s	Electricity	USA_PA_Pittsburgh.Intl.AP.725200_TMY3.epw	G5400330032000	33.0	0.0233794188369	0.0766184136369	0.0862357008787	0.106074974815	0.529630673238	0.0724776526571	5.95375172056e-07	0.0257889243282	0.0288276307137	0.0509660155203	6.36493761652
1950s	Electricity	USA_PA_Pittsburgh.Intl.AP.725200_TMY3.epw	G5400330032101	33.0	0.0123203086953	0.0291469707505	0.0118107472702	0.0286941638244	0.282381266104	0.406210163311	9.15279115419e-05	0.0824805286854	0.111723538288	0.0351407851596	0.752086209102
1950s	Electricity	USA_PA_Pittsburgh.Intl.AP.725200_TMY3.epw	G5400330032102	33.0	0.0237345148058	0.0201401210538	0.0330281849034	0.0662634264904	0.787544682733	0.025853124276	0.0301096946843	0.00333156276326	0.00859654116634	0.00139814712341	2.70769508663
1950s	Electricity	USA_PA_Pittsburgh.Intl.AP.725200_TMY3.epw	G5400490021200	49.0	0.0353642748071	0.110799501687	0.0409918211222	0.0605950570927	0.53121834709	0.07496550664	0.00386746223941	0.00629822439717	0.0323081357605	0.103591669164	0.010588240509
1950s	Electricity	USA_PA_Pittsburgh.Intl.AP.725200_TMY3.epw	G5400490021300	49.0	0.0258471996555	0.155987042654	0.076551576124	0.0693632786561	0.345090116575	0.215773339682	0.0150602344116	0.0506145422081	0.0137659513888	0.0319467186451	1.31028903718
1950s	Electricity	USA_PA_Pittsburgh.Intl.AP.725200_TMY3.epw	G5400490021500	49.0	0.0658959075437	0.145840858642	0.0676819418058	0.114537845192	0.499834371903	0.0711279020641	0.00282071055835	0.0156388285516	0.00670121067482	0.00992042306431	0.361623861864
1950s	Electricity	USA_PA_Pittsburgh.Intl.AP.725200_TMY3.epw	G5400490021600	49.0	0.0240007397388	0.101622436906	0.0614945897817	0.10933174617	0.43506673021	0.129619644504	0.00301466149583	0.00970855135382	0.046202915585	0.0799379842552	3.71090972886
1950s	Electricity	USA_PA_Pittsburgh.Intl.AP.725200_TMY3.epw	G5400490021700	49.0	0.0299348313849	0.0564015069622	0.0755268486694	0.0895943230296	0.63957689479	0.0780463205544	0.00162688560494	0.00658283695594	0.0105425230483	0.0121670290005	5.16300509364
1950s	Electricity	USA_PA_Pittsburgh.Intl.AP.725200_TMY3.epw	G5400490021800	49.0	0.032935668988	0.150603240639	0.072539674603	0.0767390196447	0.372071999537	0.111314708899	0.0650241693523	0.0264381651058	0.0209390293649	0.0713943238664	6.04764459478
1950s	Electricity	USA_PA_Pittsburgh.Intl.AP.725200_TMY3.epw	G5400510020200	51.0	0.0700083027506	0.000755050680829	0.0285998232539	0.0523254792249	0.279235728292	0.216471577433	0.0720850415763	0.0304053026815	0.00352278017221	0.246590913935	10.2435534702
1950s	Electricity	USA_PA_Pittsburgh.Intl.AP.725200_TMY3.epw	G5400510020500	51.0	0.0782417129491	0.0322943644067	0.0778794971652	0.0247177570489	0.0742287582296	0.195220714959	0.299047635308	0.00475051605599	0.000205130812114	0.213413913066	2.55874842385
1950s	Electricity	USA_PA_Pittsburgh.Intl.AP.725200_TMY3.epw	G5400510020601	51.0	0.16111363561	0.0978257270495	0.204376834202	0.089137122348	0.222966359932	0.00686205343177	0.00071440039944	0.0965866241047	0.0348097126561	0.0856075302668	8.00553018746
1950s	Electricity	USA_PA_Pittsburgh.Intl.AP.725200_TMY3.epw	G5400510020702	51.0	0.0544814269614	0.0538633945927	0.088290343297	0.0184931309428	0.1521670984	0.0398134223286	0.0381584035457	0.140432978396	0.0409251715124	0.373374630023	8.48335505334
1950s	Electricity	USA_PA_Pittsburgh.Intl.AP.725200_TMY3.epw	G5400510020800	51.0	0.180824612539	0.039917257721	0.126065266221	0.0993622851806	0.32933792373	0.0759293500171	0.0251225137477	0.0312044937465	0.0193027531662	0.0729335439309	21.8224820496
1950s	Electricity	USA_PA_Pittsburgh.Intl.AP.725200_TMY3.epw	G5400510020900	51.0	0.054113590962	0.0523113323489	0.0963959540164	0.143869175635	0.48161653151	0.037524107248	0.00149261137227	0.0259149456417	0.0511154079706	0.0556463432951	63.8017131923
1950s	Electricity	USA_PA_Pittsburgh.Intl.AP.725200_TMY3.epw	G5400510021000	51.0	0.103938666238	0.0954300814333	0.228355060125	0.0446088416945	0.298969252903	0.0669035331095	6.40645353605e-05	0.0285221701161	0.0320672134923	0.101141116353	89.6652965588
1950s	Electricity	USA_PA_Pittsburgh.Intl.AP.725200_TMY3.epw	G5400510021100	51.0	0.12573688745	0.120168937647	0.268606117825	0.0715634430683	0.287318006848	0.0843213168377	0.0260537205277	0.00255542866507	0.00228603704178	0.0113901040892	50.4172437998
1950s	Electricity	USA_PA_Pittsburgh.Intl.AP.725200_TMY3.epw	G5400510021300	51.0	0.104899829108	0.113494296341	0.147634054434	0.0739592935821	0.505619239937	0.000337100964432	0.0	9.66321395006e-283	0.0174246494557	0.0366315361786	29.6026056589
1950s	Electricity	USA_PA_Pittsburgh.Intl.AP.725200_TMY3.epw	G5400610010101	61.0	0.0	0.0	0.0	0.0	0.0	0.401869966353	0.39645431143	0.155209927546	0.00796626875647	0.0384995259139	1.45852413659
1950s	Electricity	USA_PA_Pittsburgh.Intl.AP.725200_TMY3.epw	G5400610010102	61.0	0.00167713806748	0.000147033517367	0.000322944039397	0.00293880840999	0.00860074368338	0.541886990835	0.133638240417	0.204514060499	0.0223107299177	0.0839633106135	10.8021379045
1950s	Electricity	USA_PA_Pittsburgh.Intl.AP.725200_TMY3.epw	G5400610010201	61.0	0.0	0.0	0.0	0.0	0.0	0.0644502309359	0.00252847019594	0.0108893062576	0.216583683783	0.705548308828	3.38604010229
1950s	Electricity	USA_PA_Pittsburgh.Intl.AP.725200_TMY3.epw	G5400610010202	61.0	0.0293164085288	0.0106821340073	0.0328076964463	0.0197388095461	0.0615922174906	0.194785295886	0.000572782303878	0.0247779982037	0.148273573983	0.477453083604	11.5512348536
1950s	Electricity	USA_PA_Pittsburgh.Intl.AP.725200_TMY3.epw	G5400610010400	61.0	0.0629807017902	0.103694954072	0.0604723453433	0.0440957079141	0.203334462068	0.0574362751384	0.0164279714385	0.0414029157275	0.11571378297	0.294440883538	23.6745470256
1950s	Electricity	USA_PA_Pittsburgh.Intl.AP.725200_TMY3.epw	G5400610010600	61.0	0.0308472809033	0.0852606597981	0.0482067619047	0.0139279556632	0.0796626375112	0.256996481535	0.0127602886849	0.10040387503	0.106356940519	0.26557711845	11.0547840466
1950s	Electricity	USA_PA_Pittsburgh.Intl.AP.725200_TMY3.epw	G5400610010700	61.0	0.0242726281501	0.136276262539	0.108222068238	0.0247298836892	0.082612546637	0.492843242826	0.0116268217263	0.0241615376699	0.0606886269396	0.0345663815836	33.3374219807
1950s	Electricity	USA_PA_Pittsburgh.Intl.AP.725200_TMY3.epw	G5400610010800	61.0	0.354739335189	0.261376358324	0.137931544294	0.0449421678964	0.201010594296	0.0	0.0	0.0	0.0	0.0	1.61014523761
1950s	Electricity	USA_PA_Pittsburgh.Intl.AP.725200_TMY3.epw	G5400610010901	61.0	0.0487527121322	0.122609881803	0.248430084063	0.0221343381714	0.14678053951	0.103906437986	0.0904899024662	0.0135866227616	0.110800055063	0.0925094260431	8.32224210073
1950s	Electricity	USA_PA_Pittsburgh.Intl.AP.725200_TMY3.epw	G5400610010902	61.0	0.0915913224232	0.177166086176	0.44595383076	0.0622118487887	0.223076911852	0.0	0.0	0.0	0.0	0.0	3.33058107162
1950s	Electricity	USA_PA_Pittsburgh.Intl.AP.725200_TMY3.epw	G5400610011000	61.0	0.0379995383996	0.0903528614087	0.028440967852	0.0344800685633	0.139473226618	0.669253337158	0.0	0.0	0.0	4.94065645841e-324	6.19562962052
1950s	Electricity	USA_PA_Pittsburgh.Intl.AP.725200_TMY3.epw	G5400610011100	61.0	0.0767277878707	0.063834989616	0.0886945781462	0.0152967458321	0.0461589987567	0.338352139238	0.124156699043	0.100885620834	0.0323672124406	0.113525228223	23.4606814825
1950s	Electricity	USA_PA_Pittsburgh.Intl.AP.725200_TMY3.epw	G5400610011200	61.0	0.0865628807197	0.0471155226234	0.0293462539382	0.0194060467816	0.0391926501335	0.151565868889	0.157984503339	0.0936378285419	0.206337395299	0.168851049734	19.3851364495
1950s	Electricity	USA_PA_Pittsburgh.Intl.AP.725200_TMY3.epw	G5400610011300	61.0	0.0866175770321	0.207193665173	0.284002462619	0.118819727703	0.237657841668	0.0147558729306	0.00742119870077	0.0032292378235	0.00404426451505	0.0362581518351	5.90257859569
1950s	Electricity	USA_PA_Pittsburgh.Intl.AP.725200_TMY3.epw	G5400610011400	61.0	0.0793191699318	0.184470950256	0.100486891659	0.0493429976637	0.104313467987	0.0116544856097	0.00356479050662	0.0359644586444	0.217735270538	0.213147517205	8.54456072552
1950s	Electricity	USA_PA_Pittsburgh.Intl.AP.725200_TMY3.epw	G5400610011500	61.0	0.180897630965	0.198686406132	0.275381787297	0.0713110374202	0.273723138187	0.0	0.0	0.0	0.0	0.0	15.0405904894
1950s	Electricity	USA_PA_Pittsburgh.Intl.AP.725200_TMY3.epw	G5400610011600	61.0	0.117507887622	0.354732846452	0.321730012221	0.0478243470634	0.158204906643	0.0	0.0	0.0	0.0	0.0	6.51720288991
1950s	Electricity	USA_PA_Pittsburgh.Intl.AP.725200_TMY3.epw	G5400610011700	61.0	0.17631011521	0.062145008796	0.144816255092	0.040359631379	0.251517710304	0.139894887446	0.00372041505966	0.00097393032109	0.0123680512657	0.167893995126	7.3869937368
1950s	Electricity	USA_PA_Pittsburgh.Intl.AP.725200_TMY3.epw	G5400610011803	61.0	0.0642368829881	0.268378883165	0.223865933117	0.102762162021	0.340756138709	0.0	0.0	0.0	0.0	0.0	2.488595447
1950s	Electricity	USA_PA_Pittsburgh.Intl.AP.725200_TMY3.epw	G5400610011805	61.0	0.0548098615675	0.190271380589	0.111428216857	0.0229047257348	0.11298057764	0.48968953122	6.84799688418e-319	2.48485869985e-318	7.80261398719e-312	0.0179157063927	9.31367291399
1950s	Electricity	USA_PA_Pittsburgh.Intl.AP.725200_TMY3.epw	G5400610011806	61.0	0.306410191524	0.234498187718	0.193434813503	0.0451906519167	0.220466155338	0.0	0.0	0.0	0.0	0.0	4.62793885485
1950s	Electricity	USA_PA_Pittsburgh.Intl.AP.725200_TMY3.epw	G5400610012000	61.0	0.04579130735	0.201899956322	0.146700942086	0.0261943984959	0.168212016128	0.220948608433	0.000838158803604	0.0155404655758	0.0601353758702	0.113738770936	9.74694022061
1950s	Electricity	USA_PA_Pittsburgh.Intl.AP.725200_TMY3.epw	G5400690000200	69.0	0.143290455533	0.0672874001716	0.214662911929	0.084275989209	0.490483243157	0.0	0.0	0.0	0.0	0.0	8.30114030332
1950s	Electricity	USA_PA_Pittsburgh.Intl.AP.725200_TMY3.epw	G5400690000300	69.0	0.0768372336147	0.123879979556	0.272853022279	0.118761243178	0.407668521373	0.0	0.0	0.0	0.0	0.0	5.04039263748
1950s	Electricity	USA_PA_Pittsburgh.Intl.AP.725200_TMY3.epw	G5400690000400	69.0	0.192735455904	0.110743310076	0.125902625364	0.0522884406047	0.484111232845	0.0149694495596	0.00508718889648	0.00699701616931	0.000607619211266	0.00655766136903	3.05199741397
1950s	Electricity	USA_PA_Pittsburgh.Intl.AP.725200_TMY3.epw	G5400690000500	69.0	0.182271927826	0.0424022593546	0.124288619551	0.0370480480522	0.19323152389	0.0851514327238	0.185226234873	0.0750956037722	0.0140791546686	0.0612051952895	6.25729721311
1950s	Electricity	USA_PA_Pittsburgh.Intl.AP.725200_TMY3.epw	G5400690000600	69.0	0.098931620808	0.0578037119156	0.0578443553174	0.0222079629136	0.241539964557	0.0366180302631	0.0120793453139	0.268007799805	0.0551660358771	0.14980117323	6.52462449107
1950s	Electricity	USA_PA_Pittsburgh.Intl.AP.725200_TMY3.epw	G5400690000700	69.0	0.501456165213	0.0147384976549	0.0876977571467	0.062489249118	0.0141249884514	0.0399939852537	9.26865056519e-10	0.000284464501078	0.0135943761081	0.265620515626	1.08380565273
1950s	Electricity	USA_PA_Pittsburgh.Intl.AP.725200_TMY3.epw	G5400690001300	69.0	0.11387073369	0.101642612258	0.200460728229	0.076364323695	0.260787962361	0.101434160725	0.000240574845727	0.0276182768691	0.0148511369094	0.102729490418	4.88342793738
1950s	Electricity	USA_PA_Pittsburgh.Intl.AP.725200_TMY3.epw	G5400690001400	69.0	0.0419572263284	0.0397766808307	0.123741181622	0.0349606386411	0.249724247178	0.0144788231738	0.00100936345481	0.322097170602	0.0156969140579	0.156557754112	18.6787658981
1950s	Electricity	USA_PA_Pittsburgh.Intl.AP.725200_TMY3.epw	G5400690001500	69.0	0.155254638244	0.0224074369156	0.0170906777126	0.051653621515	0.604885161512	0.019966046544	2.36457419924e-06	0.0887470043571	0.00448589658038	0.035507152045	9.13023684495
1950s	Electricity	USA_PA_Pittsburgh.Intl.AP.725200_TMY3.epw	G5400690001600	69.0	0.00876971387967	0.0208156870181	0.0711615927691	0.0809857848139	0.631366434958	0.113271458312	0.00507560304604	0.0440276042265	0.00185669429844	0.0226694266777	3.62218118095
1950s	Electricity	USA_PA_Pittsburgh.Intl.AP.725200_TMY3.epw	G5400690001700	69.0	0.0523363951878	0.011925623596	0.0450047210365	0.0686221102733	0.37846474584	0.00834045433144	0.134601973824	0.107496986662	0.0362760863613	0.156930902887	12.15534008
1950s	Electricity	USA_PA_Pittsburgh.Intl.AP.725200_TMY3.epw	G5400690001800	69.0	0.110189472266	0.0685407645634	0.118645997505	0.0896157935658	0.452975874163	0.00859500988484	0.000280601884753	0.00121034450575	0.00976982505633	0.140176316604	30.8338743779
1950s	Electricity	USA_PA_Pittsburgh.Intl.AP.725200_TMY3.epw	G5400690001901	69.0	0.0783126907993	0.0718220373324	0.122081941083	0.0803573804807	0.38158656286	0.010462924073	1.50230825109e-08	0.0246713185189	0.0377084679977	0.192996661832	15.5746644495
1950s	Electricity	USA_PA_Pittsburgh.Intl.AP.725200_TMY3.epw	G5400690002000	69.0	0.0817495017224	0.029871647558	0.187303383729	0.0853141656267	0.410826238949	0.134130778765	4.73117139844e-15	0.000433233682235	0.00192551129661	0.0684455386708	13.795630218
1950s	Electricity	USA_PA_Pittsburgh.Intl.AP.725200_TMY3.epw	G5400690002100	69.0	0.0776407596323	0.0187110012264	0.0967594310726	0.0770544321453	0.692649166554	0.0155784794792	0.0137717088515	1.33301835606e-05	1.57870467386e-05	0.00780590380855	15.5342278794
1950s	Electricity	USA_PA_Pittsburgh.Intl.AP.725200_TMY3.epw	G5400690002200	69.0	0.120783797675	0.0850466416521	0.0666899220495	0.0726283908128	0.371089019724	0.0153050525517	5.15002769977e-08	0.0994603995898	0.0192035190126	0.149793205433	10.012551619
1950s	Electricity	USA_PA_Pittsburgh.Intl.AP.725200_TMY3.epw	G5400690002600	69.0	0.148162274141	0.000750029850335	0.0310735331328	0.0719689476895	0.183368606068	0.00734901581097	0.00378652224929	0.10576228861	0.00694696194936	0.440831820499	2.27808001444
1950s	Electricity	USA_PA_Pittsburgh.Intl.AP.725200_TMY3.epw	G5400770963900	77.0	0.0760441960827	0.16903936576	0.0823018089805	0.0296888182168	0.105089929489	0.201530846698	0.113226092766	0.119385879783	0.0343802231101	0.0693128391146	0.0303806645406
1950s	Electricity	USA_PA_Pittsburgh.Intl.AP.725200_TMY3.epw	G5400910964700	91.0	0.0165180787273	0.0920497527891	0.0819761118506	0.0404994723956	0.562942983166	0.0664334149384	0.000867754294476	0.00249933153017	0.0217797224792	0.114433377829	0.420472920285
1950s	Electricity	USA_PA_Pittsburgh.Intl.AP.725200_TMY3.epw	G5400950961800	95.0	0.252093560025	0.0127933470113	0.115744965029	0.080335066559	0.354612938743	0.0131484440393	0.0448009287221	0.0727542855404	0.0380939839176	0.0156224804137	0.989003127671
1950s	Electricity	USA_PA_Pittsburgh.Intl.AP.725200_TMY3.epw	G5400950961900	95.0	0.194305985875	0.00878281524685	0.0662025556299	0.0417098526456	0.216608079235	0.0488424566173	0.134961640887	0.106612674476	0.0563744999309	0.125599439457	2.03174308065
1950s	Electricity	USA_PA_Pittsburgh.Intl.AP.725200_TMY3.epw	G5400950962000	95.0	0.858564806974	0.00102046002404	0.0468114857515	0.0344105700487	0.0591926772022	0.0	0.0	0.0	0.0	0.0	0.0551348606137
1950s	Electricity	USA_PA_Pittsburgh.Intl.AP.725200_TMY3.epw	G5401030004900	103.0	0.267661930084	0.019552337194	0.138843746529	0.059999746354	0.300606507426	0.146597412489	0.0467416260419	0.0153483872404	0.000706928312379	0.00394137833	0.0206579643913
1950s	Electricity	USA_PA_Pittsburgh.Intl.AP.725200_TMY3.epw	G5401030030400	103.0	0.77188024409	0.00339212090649	0.120145221689	0.00424616117574	0.0419966916685	0.00321308522551	5.38683008889e-05	0.0256758348871	0.000135835176193	0.0292609368798	2.96400265548
1950s	Electricity	USA_PA_Pittsburgh.Intl.AP.725200_TMY3.epw	G5401030030500	103.0	0.503765999885	0.0176713817057	0.169401432207	0.0437085705016	0.204154948733	0.0109701670395	0.00275945143709	0.039784098091	2.66306903223e-279	0.00778395039966	3.37578671363
1950s	Electricity	USA_PA_Pittsburgh.Intl.AP.725200_TMY3.epw	G5401030030700	103.0	0.122136500901	0.0195331498348	0.170166560359	0.0804478860333	0.447631723521	0.0227714514303	0.0932720751278	0.0403385988728	0.000210502104363	0.00349155181502	10.4318753179
1950s	Electricity	USA_PA_Pittsburgh.Intl.AP.725200_TMY3.epw	G5401030030800	103.0	0.154198232215	0.00754341030616	0.217321333487	0.0670024444792	0.278501901521	0.0930979551117	0.00543960955965	0.107546950021	0.000304937728083	0.0690432255712	0.466293480343
1950s	Electricity	USA_TN_Bristol-TriCities.Rgnl.AP.723183_TMY3.epw	G5400470953800	47.0	0.0983237243757	0.0463456508082	0.146151409513	0.077584570437	0.423255172036	0.0589706530102	0.0240750409069	0.0813603766938	0.0221764617356	0.021756940484	64.2158422574
1950s	Electricity	USA_TN_Bristol-TriCities.Rgnl.AP.723183_TMY3.epw	G5400470953900	47.0	0.145064748147	0.0619135388512	0.308349212106	0.100714942888	0.383957558007	0.0	0.0	0.0	0.0	0.0	17.1472173119
1950s	Electricity	USA_TN_Bristol-TriCities.Rgnl.AP.723183_TMY3.epw	G5400470954000	47.0	0.048615740792	0.0314834140477	0.156210226077	0.0994425685262	0.163789153805	0.0477869422859	0.0370664317629	0.0584389080924	0.036901284417	0.320265330194	12.6521638111
1950s	Electricity	USA_TN_Bristol-TriCities.Rgnl.AP.723183_TMY3.epw	G5400470954200	47.0	0.0710591471376	0.032700583348	0.316379149897	0.0880463359134	0.339258575948	0.0521300774632	0.000851554971459	0.0721730651406	0.020531899701	0.00686961047976	40.8006080632
1950s	Electricity	USA_TN_Bristol-TriCities.Rgnl.AP.723183_TMY3.epw	G5400470954501	47.0	0.160812482237	0.0387786072388	0.251026448927	0.0919797348199	0.352075788522	0.0220506726803	0.00368716935932	0.02770811824	0.0129664874946	0.0389144904812	15.0452940769
1950s	Electricity	USA_TN_Bristol-TriCities.Rgnl.AP.723183_TMY3.epw	G5400470954503	47.0	0.0712072442109	0.0234551971541	0.171151778446	0.107022461138	0.424716222109	0.0671363369062	0.00630464793573	0.0836087985722	0.00367843827556	0.0417188752515	11.8581667474
1950s	Electricity	USA_TN_Bristol-TriCities.Rgnl.AP.723183_TMY3.epw	G5400470954504	47.0	0.0812074299994	0.0413437749171	0.421299697792	0.0991620865428	0.299728038239	0.0386388495647	0.00474421344669	0.00829503392312	0.00197611905265	0.00360475652207	96.8003493214
1950s	Electricity	USA_TN_Bristol-TriCities.Rgnl.AP.723183_TMY3.epw	G5401090003100	109.0	0.114322326009	0.0526578772371	0.206971701231	0.0694144719901	0.321555711263	0.077827661037	0.00679185415003	0.0303533989958	0.0103305723954	0.109774425692	0.155165039234
1950s	Electricity	USA_VA_Roanoke.Rgnl.AP-Woodrum.Field.724110_TMY3.epw	G5400190021000	19.0	0.0870905624152	0.128474631037	0.0759272809647	0.0804758692347	0.628031656349	0.0	0.0	0.0	0.0	0.0	0.01740423873
1950s	Electricity	USA_VA_Roanoke.Rgnl.AP-Woodrum.Field.724110_TMY3.epw	G5400190021100	19.0	0.104312624886	0.0778637560897	0.0567480649633	0.0285447969548	0.369390554661	0.113856226946	0.0143328699695	0.0674500377233	0.0292453114277	0.138255756379	1.76454540621
1950s	Electricity	USA_VA_Roanoke.Rgnl.AP-Woodrum.Field.724110_TMY3.epw	G5400250950100	25.0	0.193966985114	0.061481643306	0.11301887156	0.0406006495727	0.312180946063	0.0706183026013	0.0149466047211	0.0486646784078	0.0526581710273	0.0918631476276	44.9120346183
1950s	Electricity	USA_VA_Roanoke.Rgnl.AP-Woodrum.Field.724110_TMY3.epw	G5400250950200	25.0	0.0608452639137	0.0351367841362	0.164752823549	0.0787925739187	0.317488809766	0.145795685741	0.00049397451875	0.0543676880442	0.0545424577077	0.0877839387052	6.65487994311
1950s	Electricity	USA_VA_Roanoke.Rgnl.AP-Woodrum.Field.724110_TMY3.epw	G5400250950300	25.0	0.102594683243	0.0684480707205	0.192898565445	0.109860734045	0.406032577928	0.0379202878501	0.00369675653015	0.0154916263175	0.0179258164458	0.0451308814744	84.3715184238
1950s	Electricity	USA_VA_Roanoke.Rgnl.AP-Woodrum.Field.724110_TMY3.epw	G5400250950400	25.0	0.14297900597	0.0421524922177	0.146754776746	0.0691248592012	0.566922087037	0.00496562454599	0.00027213018128	0.00514751175161	0.00362444655928	0.0180570657899	40.214379877
1950s	Electricity	USA_VA_Roanoke.Rgnl.AP-Woodrum.Field.724110_TMY3.epw	G5400250950500	25.0	0.0977052191761	0.0448634844219	0.138740089558	0.0844784509339	0.327810380142	0.0463207980674	0.0101532209178	0.0294461468278	0.0592452876099	0.161236922345	26.333834514
1950s	Electricity	USA_VA_Roanoke.Rgnl.AP-Woodrum.Field.724110_TMY3.epw	G5400250950600	25.0	0.0319731561015	0.126464572483	0.143725574139	0.0194655666431	0.162645399993	0.0494705301084	0.0150362935189	0.0179014031777	0.000948198879358	0.432369304955	23.1318599011
1950s	Electricity	USA_VA_Roanoke.Rgnl.AP-Woodrum.Field.724110_TMY3.epw	G5400250950700	25.0	0.0816913959742	0.0554404521239	0.13786113421	0.06094892851	0.543566084788	0.0312779646564	6.02557151825e-05	0.0358855810063	0.000655574093875	0.0526126289216	44.3009383209
1950s	Electricity	USA_VA_Roanoke.Rgnl.AP-Woodrum.Field.724110_TMY3.epw	G5400550000900	55.0	0.215332420831	0.0925012233565	0.106211904454	0.0800284926042	0.41978592155	0.025947251617	0.0153079509039	0.0180297891176	0.0029003469371	0.0239546986294	19.0741754362
1950s	Electricity	USA_VA_Roanoke.Rgnl.AP-Woodrum.Field.724110_TMY3.epw	G5400550001000	55.0	0.122648044998	0.0541673807444	0.108148090619	0.0518022647366	0.52642632693	0.0208713550093	0.000648729479805	0.0421379950195	0.00591512790681	0.0672346845563	69.9088662144
1950s	Electricity	USA_VA_Roanoke.Rgnl.AP-Woodrum.Field.724110_TMY3.epw	G5400550001100	55.0	0.0166207560123	0.0273325908483	0.0909778475035	0.067416029067	0.574029701552	0.0976482469485	0.0168573462858	0.0638482087018	0.00227570749103	0.0429935655897	48.9544214044
1950s	Electricity	USA_VA_Roanoke.Rgnl.AP-Woodrum.Field.724110_TMY3.epw	G5400550001200	55.0	0.117325288071	0.0854978481805	0.18617099113	0.0699337731064	0.541072099513	0.0	0.0	0.0	0.0	0.0	30.9935973907
1950s	Electricity	USA_VA_Roanoke.Rgnl.AP-Woodrum.Field.724110_TMY3.epw	G5400550001300	55.0	0.0492083136996	0.0406332426823	0.0417343167601	0.0265889448529	0.162235300373	0.248757056324	0.0335190332931	0.19700767354	0.0306205767476	0.169695541728	99.5828670458
1950s	Electricity	USA_VA_Roanoke.Rgnl.AP-Woodrum.Field.724110_TMY3.epw	G5400550001400	55.0	0.0564061249612	0.0449871247519	0.047976180099	0.0349637955644	0.405425958281	0.18017789372	0.0228766339647	0.0656384004192	0.0207988685202	0.120749019719	44.6367115053
1950s	Electricity	USA_VA_Roanoke.Rgnl.AP-Woodrum.Field.724110_TMY3.epw	G5400550001500	55.0	0.0628289318124	0.0315097679263	0.0643572170347	0.0652870404695	0.776017042757	0.0	0.0	0.0	0.0	0.0	45.0894974731
1950s	Electricity	USA_VA_Roanoke.Rgnl.AP-Woodrum.Field.724110_TMY3.epw	G5400550001600	55.0	0.229062615481	0.0927548032027	0.155377258226	0.0839350495605	0.415240371926	0.00428140996768	0.000282831222903	0.00987270717103	0.00173254933471	0.00746040390762	12.7116838042
1950s	Electricity	USA_VA_Roanoke.Rgnl.AP-Woodrum.Field.724110_TMY3.epw	G5400550001700	55.0	0.138259810849	0.0634882026835	0.0982199442419	0.0671209928259	0.374856184174	0.0511704285885	0.00168990016913	0.044951232615	0.0182382837442	0.142005020108	71.780619479
1950s	Electricity	USA_VA_Roanoke.Rgnl.AP-Woodrum.Field.724110_TMY3.epw	G5400550001800	55.0	0.104304667568	0.0800744772396	0.0918753706969	0.0410963166173	0.436812923116	0.125283071014	0.00556656396275	0.00908912513338	0.00895470323999	0.0969427814111	40.5269179203
1950s	Electricity	USA_VA_Roanoke.Rgnl.AP-Woodrum.Field.724110_TMY3.epw	G5400550001900	55.0	0.148539293455	0.136273555221	0.0915765844032	0.0644902811299	0.374975876783	0.0822463967319	0.0139897017089	0.0451254295268	0.0125569498101	0.0302259312294	32.9148221316
1950s	Electricity	USA_VA_Roanoke.Rgnl.AP-Woodrum.Field.724110_TMY3.epw	G5400550002000	55.0	0.120077134868	0.0590316294321	0.120216178014	0.0609212916791	0.47418679305	0.06319714626	0.0262115052798	0.0242141332797	0.000364092126303	0.051580096012	57.0031171455
1950s	Electricity	USA_VA_Roanoke.Rgnl.AP-Woodrum.Field.724110_TMY3.epw	G5400550002100	55.0	0.0753597163263	0.0488019113438	0.159766742614	0.105610129127	0.596488934624	0.00445221739984	0.00168646959964	0.00225993094811	0.000932127380447	0.00464182063731	58.547314722
1950s	Electricity	USA_VA_Roanoke.Rgnl.AP-Woodrum.Field.724110_TMY3.epw	G5400550002200	55.0	0.0986121080299	0.0523887749994	0.0832946839679	0.0622369085482	0.578980502953	0.0440270646816	7.02379360925e-06	0.0228831261309	7.09917359783e-05	0.0574988151598	78.3835772054
1950s	Electricity	USA_VA_Roanoke.Rgnl.AP-Woodrum.Field.724110_TMY3.epw	G5400550002300	55.0	0.0559220081847	0.0273688118638	0.0506975050428	0.038164475245	0.379294657023	0.06138549997	0.00592838157816	0.113045670972	0.0753587787362	0.192834211385	76.0388597327
1950s	Electricity	USA_VA_Roanoke.Rgnl.AP-Woodrum.Field.724110_TMY3.epw	G5400550002400	55.0	0.116644840667	0.0901358722692	0.131916190105	0.0882192527297	0.566400309587	0.00104764704899	9.90232870279e-08	0.000532838467213	0.000382332207527	0.00472061789461	39.9690889356
1950s	Electricity	USA_VA_Roanoke.Rgnl.AP-Woodrum.Field.724110_TMY3.epw	G5400630950100	63.0	0.143128731395	0.0416086803504	0.184284535471	0.0987879667231	0.471533324755	0.0105743961748	9.50409010443e-06	0.0163003020398	0.0313568915794	0.00241566742259	8.93205230546
1950s	Electricity	USA_VA_Roanoke.Rgnl.AP-Woodrum.Field.724110_TMY3.epw	G5400630950200	63.0	0.146558000283	0.0807015485657	0.231104053946	0.117142450139	0.371898066785	0.0175397562659	0.00164395260986	0.00214051978599	0.00205295582207	0.029218695798	26.54943774
1950s	Electricity	USA_VA_Roanoke.Rgnl.AP-Woodrum.Field.724110_TMY3.epw	G5400630950300	63.0	0.0808274085571	0.0436535754368	0.185983850212	0.123847257326	0.39833007358	0.0439753225469	0.0076105287748	0.0471279878838	0.0140484097351	0.054595585948	73.4085200196
1950s	Electricity	USA_VA_Roanoke.Rgnl.AP-Woodrum.Field.724110_TMY3.epw	G5400750960200	75.0	0.0654619472117	0.0333581210841	0.146690942909	0.0411120544138	0.305136717389	0.18937142673	0.000141375577059	0.0472784364228	0.0214217822196	0.150027196043	0.697060055212
1950s	Electricity	USA_VA_Roanoke.Rgnl.AP-Woodrum.Field.724110_TMY3.epw	G5400750960300	75.0	0.0	0.0	0.0	0.0	0.0	0.0	0.0	0.0	0.0	0.0	0.0
1950s	Electricity	USA_VA_Roanoke.Rgnl.AP-Woodrum.Field.724110_TMY3.epw	G5400810000802	81.0	0.0633074555852	0.072751472589	0.0868486063265	0.101033076456	0.514239258711	0.0197049232723	0.00228867513379	0.00668476245614	0.0121553445901	0.120986424881	3.68866118664
1950s	Electricity	USA_VA_Roanoke.Rgnl.AP-Woodrum.Field.724110_TMY3.epw	G5400810000803	81.0	0.0321238170332	0.00667966368993	0.0235138313649	0.0126405090955	0.19160017834	0.191388283352	0.00811607527469	0.251208210002	0.0586664050684	0.224063026779	1.44404563667
1950s	Electricity	USA_VA_Roanoke.Rgnl.AP-Woodrum.Field.724110_TMY3.epw	G5400810000804	81.0	0.0258895127402	0.0188588042315	0.0541251889667	0.0686724137266	0.585646311073	0.118797904605	0.0409295383616	0.0061799622466	0.0169309911708	0.063969372878	0.914290383413
1950s	Electricity	USA_VA_Roanoke.Rgnl.AP-Woodrum.Field.724110_TMY3.epw	G5400810000900	81.0	0.0759708861191	0.0800715362724	0.0741955627227	0.0625443149373	0.524405415202	0.0961991695192	0.0210869892758	0.0258884479833	0.00286774784842	0.03676993012	15.8306976643
1950s	Electricity	USA_VA_Roanoke.Rgnl.AP-Woodrum.Field.724110_TMY3.epw	G5400890000500	89.0	0.172924708951	0.101962258394	0.189792666229	0.0822564815348	0.369421804012	0.0836420808791	0.0	0.0	0.0	0.0	8.83336803512
1950s	Electricity	USA_VA_Roanoke.Rgnl.AP-Woodrum.Field.724110_TMY3.epw	G5400890000600	89.0	0.0965211289106	0.037337053756	0.149093029227	0.079908720008	0.430413792282	0.0688055249153	0.00288095769794	0.0528086369846	0.0262303273536	0.0560008288652	45.4268424749
1950s	Electricity	USA_VA_Roanoke.Rgnl.AP-Woodrum.Field.724110_TMY3.epw	G5400890000700	89.0	0.109264328844	0.0673414873101	0.117962575231	0.0215712648756	0.225923002966	0.135549486512	0.0284829655182	0.10682186047	0.0151779941431	0.171905034131	12.581305506
1950s	Electricity	USA_VA_Roanoke.Rgnl.AP-Woodrum.Field.724110_TMY3.epw	G5400890000800	89.0	0.0676540418104	0.103665266593	0.205378305002	0.0701812165452	0.431014162251	0.0445047589745	0.00087001401324	0.00587409333629	0.00477181209154	0.0660863293836	36.9818806698
1950s	Electricity	USA_VA_Roanoke.Rgnl.AP-Woodrum.Field.724110_TMY3.epw	G5401090003200	109.0	0.155122625911	0.0478571082385	0.141464687201	0.0675299148731	0.354385712156	0.10137930019	0.0097286973657	0.0436906398671	0.012468773068	0.0663725411283	0.856314763746
1950s	Electricity	USA_VA_Sterling-Washington.Dulles.Intl.AP.724030_TMY3.epw	G5400030971102	3.0	0.137902997024	0.132555524847	0.199656295718	0.0100194939238	0.519865688488	0.0	0.0	0.0	0.0	0.0	16.2391267447
1950s	Electricity	USA_VA_Sterling-Washington.Dulles.Intl.AP.724030_TMY3.epw	G5400030971201	3.0	0.0709517557415	0.139414101497	0.12685375275	0.00786827989554	0.296441670305	0.0486920343594	0.00335742247017	0.00613114252976	0.000303389055572	0.299986451396	20.0773082677
1950s	Electricity	USA_VA_Sterling-Washington.Dulles.Intl.AP.724030_TMY3.epw	G5400030971202	3.0	0.0832017613303	0.08665352781	0.2355260972	0.0153997604855	0.579218853175	0.0	0.0	0.0	0.0	0.0	13.0409428981
1950s	Electricity	USA_VA_Sterling-Washington.Dulles.Intl.AP.724030_TMY3.epw	G5400030971300	3.0	0.109700574008	0.117612908614	0.0999873007311	0.00650706875805	0.324824879787	0.068396668151	0.0521417829339	0.0388194734493	0.00140300695713	0.18060633661	65.0687307116
1950s	Electricity	USA_VA_Sterling-Washington.Dulles.Intl.AP.724030_TMY3.epw	G5400030971400	3.0	0.0766890715367	0.0777508556963	0.149568350148	0.00774239844727	0.370014188878	0.0233781345798	0.0809805156455	0.00188167026511	1.86507354619e-05	0.211976164068	30.5238277502
1950s	Electricity	USA_VA_Sterling-Washington.Dulles.Intl.AP.724030_TMY3.epw	G5400030971500	3.0	0.0369208887213	0.0597914483326	0.0595871994117	0.00408084698248	0.157306287874	0.188197834178	0.227561175357	0.0980507154307	0.0022642123004	0.166239391412	60.6752291481
1950s	Electricity	USA_VA_Sterling-Washington.Dulles.Intl.AP.724030_TMY3.epw	G5400030971600	3.0	0.130883653368	0.0730923479633	0.0607155852834	0.00386174409799	0.487996942788	0.0448034484038	0.115596123039	0.014942513623	0.000477961110568	0.0676296803232	31.104720431
1950s	Electricity	USA_VA_Sterling-Washington.Dulles.Intl.AP.724030_TMY3.epw	G5400030971700	3.0	0.0740570182106	0.0861774405839	0.045842104908	0.00706205172474	0.395880845456	0.132248454634	0.156355302393	0.0400082736117	0.00119517031805	0.0611733381595	37.8614988263
1950s	Electricity	USA_VA_Sterling-Washington.Dulles.Intl.AP.724030_TMY3.epw	G5400030971800	3.0	0.0776120077863	0.0652401119714	0.197390771244	0.0130871659116	0.565932844639	0.00740485273778	0.00371704894537	0.011449361155	5.69175891409e-06	0.0581601438506	23.6166243947
1950s	Electricity	USA_VA_Sterling-Washington.Dulles.Intl.AP.724030_TMY3.epw	G5400030971900	3.0	0.182429070762	0.129953729632	0.163508823781	0.00839592473938	0.419434945306	0.00659883119859	0.0128643109963	0.00612263005979	0.00013394001647	0.0705577935088	26.6891708789
1950s	Electricity	USA_VA_Sterling-Washington.Dulles.Intl.AP.724030_TMY3.epw	G5400030972000	3.0	0.0417509989209	0.120137377427	0.159584849905	0.00741971753456	0.402662139676	0.0858491888113	0.121948270119	0.0033903305323	0.000124100535781	0.057133026538	27.1191498438
1950s	Electricity	USA_VA_Sterling-Washington.Dulles.Intl.AP.724030_TMY3.epw	G5400030972101	3.0	0.0958660807323	0.0768722805994	0.19378887565	0.0139295094233	0.619543253595	0.0	0.0	0.0	0.0	0.0	3.83187435012
1950s	Electricity	USA_VA_Sterling-Washington.Dulles.Intl.AP.724030_TMY3.epw	G5400030972102	3.0	0.104423577788	0.0999590261723	0.153635530913	0.00759404064236	0.302889272448	0.145491102947	0.0341430112553	0.00273262199016	3.90710547748e-05	0.149092744789	41.5144866848
1950s	Electricity	USA_VA_Sterling-Washington.Dulles.Intl.AP.724030_TMY3.epw	G5400270968200	27.0	0.0947227349425	0.101645601369	0.0952398582527	0.0549783386894	0.0814934430839	0.00738742721602	0.0432888843063	0.0664925947582	0.0771658232181	0.377585294164	24.2434332126
