Dependency=Vintage	Dependency=Heating Fuel	Dependency=Location EPW	Dependency=Location Census Tract	Dependency=County	Option=owner 0-30	Option=owner 30-50	Option=owner 50-80	Option=owner 80-100	Option=owner 100+	Option=renter 0-30	Option=renter 30-50	Option=renter 50-80	Option=renter 80-100	Option=renter 100+	Count
1950s	Electricity	USA_MN_International.Falls.Intl.AP.727470_TMY3.epw	G3800190951100	19.0	0.0308804796162	0.104091448419	0.166192882112	0.0925797242618	0.378637669198	0.0367817400152	0.0474768264853	0.0546304722897	0.0275417842892	0.0611869733142	0.792512134374
1950s	Electricity	USA_MN_International.Falls.Intl.AP.727470_TMY3.epw	G3800670950200	67.0	0.062057281724	0.127296362163	0.262134594183	0.0560291380827	0.190426050678	0.0828664385789	0.0547419929835	0.100978643221	0.0105671928491	0.0529023055376	0.742210878828
1950s	Electricity	USA_MN_International.Falls.Intl.AP.727470_TMY3.epw	G3800670950400	67.0	0.0488507013195	0.103906600327	0.216588237005	0.113204735758	0.428495317273	0.0182630223024	0.024966737441	0.0318291575104	0.0132212802943	0.000674210769774	3.74060334184
1950s	Electricity	USA_MN_International.Falls.Intl.AP.727470_TMY3.epw	G3800990958100	99.0	0.0440452477865	0.10748352411	0.348679418544	0.109212973141	0.3166126574	0.00534888280179	0.0200439922053	0.030918144193	0.0161185974844	0.00153656233342	0.150608719763
1950s	Electricity	USA_MN_International.Falls.Intl.AP.727470_TMY3.epw	G3800990958300	99.0	0.0519564622549	0.0311596730672	0.161582264708	0.0562804154846	0.308294698551	0.107705800122	0.119614596265	0.0951163159532	0.0358828385713	0.032406935022	0.43794544839
1950s	Electricity	USA_MT_Glasgow.Intl.AP.727680_TMY3.epw	G3800070963100	7.0	0.0494823374376	0.0957645648824	0.0932768836915	0.0224416278808	0.434292119499	0.0115175272884	0.0254621072819	0.0282820987396	0.0145644597801	0.224916273519	0.321463058286
1950s	Electricity	USA_MT_Glasgow.Intl.AP.727680_TMY3.epw	G3800230954500	23.0	0.0338630729935	0.176770021739	0.152475543489	0.0470255730882	0.492253424254	0.00409897806685	0.0154577753243	0.00510420039123	0.00659415147618	0.0663572591783	3.32549514383
1950s	Electricity	USA_MT_Glasgow.Intl.AP.727680_TMY3.epw	G3800250962200	25.0	0.0659613690414	0.0767642362523	0.104946102538	0.0719917862046	0.453412294875	0.0240866152164	0.0474023394351	0.0261985317509	0.0292453218682	0.099991402818	13.6694565581
1950s	Electricity	USA_MT_Glasgow.Intl.AP.727680_TMY3.epw	G3800330962900	33.0	0.0	0.0	0.0	0.0	0.0	0.0	0.0	0.0	0.0	0.0	0.0
1950s	Electricity	USA_MT_Glasgow.Intl.AP.727680_TMY3.epw	G3800530962300	53.0	0.022118529141	0.070965841711	0.0842455344481	0.0573825091185	0.60059268568	0.0349991327749	0.015434606573	0.000355623851148	0.00301726545063	0.110888271252	0.344316051353
1950s	Electricity	USA_MT_Glasgow.Intl.AP.727680_TMY3.epw	G3800530962500	53.0	0.0228710029915	0.18748726498	0.0994959914748	0.07350554479	0.426974095623	0.0060253459769	0.004040180681	0.0184180950758	0.0399686944238	0.121213783983	3.71297487924
1950s	Electricity	USA_MT_Glasgow.Intl.AP.727680_TMY3.epw	G3801050953400	105.0	0.0549265890258	0.106903755916	0.100514564621	0.107046495621	0.520206413552	0.00733127860059	0.103041769259	2.39946150308e-05	4.79533637005e-06	3.43454093946e-07	0.0489450301974
1950s	Electricity	USA_MT_Glasgow.Intl.AP.727680_TMY3.epw	G3801050953500	105.0	0.0340946068962	0.0766573108857	0.167264448844	0.138335725697	0.450941853265	0.0191753062746	0.0333442116294	0.0341404909194	0.0146260657698	0.0314199798186	1.11270559237
1950s	Electricity	USA_MT_Miles.City.Muni.AP.742300_TMY3.epw	G3800010965600	1.0	0.0168226222379	0.177549043958	0.155887454088	0.0157470651015	0.476406791771	0.030636945875	0.0114891362635	0.0458624159621	0.00427432426847	0.0653242004742	2.62237796565
1950s	Electricity	USA_MT_Miles.City.Muni.AP.742300_TMY3.epw	G3800070963100	7.0	0.0494823374376	0.0957645648824	0.0932768836915	0.0224416278808	0.434292119499	0.0115175272884	0.0254621072819	0.0282820987396	0.0145644597801	0.224916273519	6.93154719428
1950s	Electricity	USA_MT_Miles.City.Muni.AP.742300_TMY3.epw	G3800110965200	11.0	0.3318074953	0.0629402584332	0.117651279884	0.0510041168915	0.337779252456	0.00615701651105	0.00474478544809	0.0298267753685	0.0449820895605	0.0131069301463	4.00038720455
1950s	Electricity	USA_MT_Miles.City.Muni.AP.742300_TMY3.epw	G3800110965300	11.0	0.0494655806615	0.0801514069004	0.0896587280551	0.0587094842482	0.504240330601	0.00696220601066	0.000250906861488	0.0189236552383	0.00743253284739	0.184205168576	6.41834138812
1950s	Electricity	USA_MT_Miles.City.Muni.AP.742300_TMY3.epw	G3800250962200	25.0	0.0659613690414	0.0767642362523	0.104946102538	0.0719917862046	0.453412294875	0.0240866152164	0.0474023394351	0.0261985317509	0.0292453218682	0.099991402818	3.48525879132
1950s	Electricity	USA_MT_Miles.City.Muni.AP.742300_TMY3.epw	G3800330962900	33.0	0.0654558813621	0.113739271033	0.0727457167941	0.0416288486048	0.398505912926	0.138053759536	0.0506288781549	0.0509455854945	0.034201591768	0.0340945543263	5.01887693916
1950s	Electricity	USA_MT_Miles.City.Muni.AP.742300_TMY3.epw	G3800410964700	41.0	0.0385042864453	0.0601320491247	0.203976791227	0.00590836334214	0.353052956316	0.10631205096	0.0405637873598	0.0891967518839	0.00845220128814	0.0939007620535	0.0421886551396
1950s	Electricity	USA_MT_Miles.City.Muni.AP.742300_TMY3.epw	G3800410964800	41.0	0.0675898223393	0.106590938323	0.15539057756	0.00753718140225	0.490884972911	0.0430784891444	0.00487658795754	0.0475984375487	0.00389742340587	0.0725555694088	8.28939305968
1950s	Electricity	USA_MT_Miles.City.Muni.AP.742300_TMY3.epw	G3800530962300	53.0	0.022118529141	0.070965841711	0.0842455344481	0.0573825091185	0.60059268568	0.0349991327749	0.015434606573	0.000355623851148	0.00301726545063	0.110888271252	0.811602121047
1950s	Electricity	USA_MT_Miles.City.Muni.AP.742300_TMY3.epw	G3800530962500	53.0	0.0228710029915	0.18748726498	0.0994959914748	0.07350554479	0.426974095623	0.0060253459769	0.004040180681	0.0184180950758	0.0399686944238	0.121213783983	0.381154943356
1950s	Electricity	USA_MT_Miles.City.Muni.AP.742300_TMY3.epw	G3800870965000	87.0	0.0435813310361	0.14718527026	0.0570561368325	0.0333125654223	0.307439417598	0.0353380526292	0.321002992225	0.015852201135	0.0220197934387	0.0172122394234	2.47984191495
1950s	Electricity	USA_MT_Miles.City.Muni.AP.742300_TMY3.epw	G3800890963300	89.0	0.0945419063458	0.088489532827	0.187296625408	0.0453325145738	0.519625047387	0.00968542475502	0.0109455486174	0.00652612301864	0.00961777379141	0.0279395032753	0.0270714686543
1950s	Electricity	USA_MT_Miles.City.Muni.AP.742300_TMY3.epw	G3800890963500	89.0	0.0876581534424	0.0183825321694	0.0585175247642	0.0528404348824	0.367547919073	0.146361809904	0.0700974781268	0.0285935209283	0.0387787196015	0.131221907108	1.04871339751
1950s	Electricity	USA_MT_Miles.City.Muni.AP.742300_TMY3.epw	G3800890963900	89.0	0.0154155374875	0.0525814048922	0.165309788372	0.0570013809763	0.58652705268	0.00786776510912	0.0165519969809	0.0266870205274	0.0195218027309	0.0525362502441	2.46070618168
1950s	Electricity	USA_MT_Miles.City.Muni.AP.742300_TMY3.epw	G3800890964000	89.0	0.0547209459017	0.114504800762	0.0869346629441	0.0598944413899	0.401221678095	0.0027837112391	0.0252825695806	0.026407067985	0.0207803307452	0.207469791358	0.108313610999
1950s	Electricity	USA_ND_Bismarck.Muni.AP.727640_TMY3.epw	G3800010965600	1.0	0.0168226222379	0.177549043958	0.155887454088	0.0157470651015	0.476406791771	0.030636945875	0.0114891362635	0.0458624159621	0.00427432426847	0.0653242004742	24.5702605452
1950s	Electricity	USA_ND_Bismarck.Muni.AP.727640_TMY3.epw	G3800030968000	3.0	0.0702428423581	0.0780038885073	0.138081080486	0.112767897634	0.413572871304	0.0215650861708	0.0099587449829	0.026463624508	0.0285107837621	0.100833180287	0.297173253286
1950s	Electricity	USA_ND_Bismarck.Muni.AP.727640_TMY3.epw	G3800050940100	5.0	0.0553755727325	0.0455782310768	0.109020654252	0.0687566489584	0.113404374747	0.404697240021	0.116825146335	0.0372381795159	0.00366141285723	0.0454425395045	9.0691592041
1950s	Electricity	USA_ND_Bismarck.Muni.AP.727640_TMY3.epw	G3800050940200	5.0	0.204719304711	0.131720699319	0.129111914203	0.0918861827911	0.277693524332	0.151911096249	5.07353221454e-249	0.0	0.0	0.0129572783957	1.41966590865
1950s	Electricity	USA_ND_Bismarck.Muni.AP.727640_TMY3.epw	G3800050956500	5.0	0.0866915875926	0.0858182611728	0.149835129762	0.129948574641	0.453434085425	0.00564296650322	5.31157023072e-05	0.0301076192797	0.0247951872211	0.0336734727004	9.65150504986
1950s	Electricity	USA_ND_Bismarck.Muni.AP.727640_TMY3.epw	G3800050956600	5.0	0.0920335886733	0.125962649871	0.214162421699	0.127838095921	0.386437516988	0.00194239769501	0.00276561372556	0.0087838180272	0.0159872333917	0.0240866640085	10.0055424548
1950s	Electricity	USA_ND_Bismarck.Muni.AP.727640_TMY3.epw	G3800070963100	7.0	0.0494823374376	0.0957645648824	0.0932768836915	0.0224416278808	0.434292119499	0.0115175272884	0.0254621072819	0.0282820987396	0.0145644597801	0.224916273519	2.61188734857
1950s	Electricity	USA_ND_Bismarck.Muni.AP.727640_TMY3.epw	G3800110965300	11.0	0.0494655806615	0.0801514069004	0.0896587280551	0.0587094842482	0.504240330601	0.00696220601066	0.000250906861488	0.0189236552383	0.00743253284739	0.184205168576	0.473837283687
1950s	Electricity	USA_ND_Bismarck.Muni.AP.727640_TMY3.epw	G3800150010100	15.0	0.00859412002144	0.0147539182439	0.0361552504953	0.0353995011655	0.468770658698	0.0015333638489	0.121358300933	0.150383838326	0.0405797026738	0.122471345594	13.9068194011
1950s	Electricity	USA_ND_Bismarck.Muni.AP.727640_TMY3.epw	G3800150010200	15.0	0.0371065861474	0.064609574918	0.114287110432	0.0759062475647	0.312590363654	0.00709214780468	0.163744879778	0.0341650914125	0.0488566565033	0.141641341786	42.2548615034
1950s	Electricity	USA_ND_Bismarck.Muni.AP.727640_TMY3.epw	G3800150010300	15.0	0.0269421348653	0.0684115154491	0.0369391910411	0.0167429356376	0.364109017482	0.00010986569036	0.000117982131476	0.000107634241117	0.111320487607	0.375199235855	18.2046137191
1950s	Electricity	USA_ND_Bismarck.Muni.AP.727640_TMY3.epw	G3800150010400	15.0	0.0404097808767	0.0566222189292	0.161307483773	0.0835200257419	0.429199963258	0.00734445211949	0.0778482410714	0.0282778598888	0.0286132469427	0.0868567273991	36.6065519035
1950s	Electricity	USA_ND_Bismarck.Muni.AP.727640_TMY3.epw	G3800150010500	15.0	0.0276184638515	0.0546172606617	0.0857250448176	0.0629832579094	0.76905597276	0.0	0.0	0.0	0.0	0.0	26.2417780959
1950s	Electricity	USA_ND_Bismarck.Muni.AP.727640_TMY3.epw	G3800150010600	15.0	0.0490986388318	0.0515867837988	0.0474530877188	0.0386330563253	0.544311194777	0.0204958549454	0.0040149435816	0.0331831417343	0.0449493999629	0.166273898324	15.2095117235
1950s	Electricity	USA_ND_Bismarck.Muni.AP.727640_TMY3.epw	G3800150010700	15.0	0.0119094030125	0.183963490029	0.126361345489	0.0509553490214	0.626810412448	0.0	0.0	0.0	0.0	0.0	0.353363116052
1950s	Electricity	USA_ND_Bismarck.Muni.AP.727640_TMY3.epw	G3800150010800	15.0	0.0649986120826	0.11076972148	0.0931418975851	0.0715960974654	0.513284197886	0.00793679681355	0.0180840987499	0.0904831558585	0.011996787591	0.0177086344878	11.2022367807
1950s	Electricity	USA_ND_Bismarck.Muni.AP.727640_TMY3.epw	G3800150010900	15.0	0.0382343653339	0.038927569745	0.0514068466307	0.0702737014229	0.38257198658	0.0191539711279	0.282527401668	0.0110526074818	0.0280998087608	0.0777517412487	4.44764577126
1950s	Electricity	USA_ND_Bismarck.Muni.AP.727640_TMY3.epw	G3800150011001	15.0	0.612339893818	0.00881520344723	0.058189983752	0.0905314273808	0.230123491602	0.0	0.0	0.0	0.0	0.0	1.38503160648
1950s	Electricity	USA_ND_Bismarck.Muni.AP.727640_TMY3.epw	G3800150011002	15.0	0.154800759753	0.0868342695968	0.0853211897468	0.0860085984704	0.587035182433	0.0	0.0	0.0	0.0	0.0	1.4916741819
1950s	Electricity	USA_ND_Bismarck.Muni.AP.727640_TMY3.epw	G3800150011101	15.0	0.39070935702	0.135556838551	0.0862844976051	0.0207088373357	0.366740469488	0.0	0.0	0.0	0.0	0.0	1.01715041368
1950s	Electricity	USA_ND_Bismarck.Muni.AP.727640_TMY3.epw	G3800150011103	15.0	0.00110742655295	0.106749380528	0.157159287683	0.0363034540009	0.698680451235	0.0	0.0	0.0	0.0	0.0	0.0994042918801
1950s	Electricity	USA_ND_Bismarck.Muni.AP.727640_TMY3.epw	G3800150011104	15.0	0.157011413217	0.0527282317807	0.0386109054576	0.0547015869255	0.696947862619	0.0	0.0	0.0	0.0	0.0	1.11198794463
1950s	Electricity	USA_ND_Bismarck.Muni.AP.727640_TMY3.epw	G3800150011105	15.0	0.0649643832501	0.00597538471109	0.0136597832863	0.0189182116268	0.300243210801	0.0103182104622	0.103379040049	0.245687092456	0.0244783919465	0.212376291411	9.54511751597
1950s	Electricity	USA_ND_Bismarck.Muni.AP.727640_TMY3.epw	G3800150011200	15.0	0.0950829861367	0.0745896141564	0.0893914931976	0.0245826144486	0.716353292061	0.0	0.0	0.0	0.0	0.0	0.0595340802714
1950s	Electricity	USA_ND_Bismarck.Muni.AP.727640_TMY3.epw	G3800150011300	15.0	0.0243631688024	0.111576839984	0.1245372679	0.146123526785	0.593399196528	0.0	0.0	0.0	0.0	0.0	0.339561614514
1950s	Electricity	USA_ND_Bismarck.Muni.AP.727640_TMY3.epw	G3800150011400	15.0	0.122459569193	0.0737209033744	0.113323078859	0.0532575744752	0.466964120027	0.00147052098749	0.0278844187765	0.0166420016884	0.0323387517655	0.091939060854	8.92243315507
1950s	Electricity	USA_ND_Bismarck.Muni.AP.727640_TMY3.epw	G3800150011500	15.0	0.0374881308288	0.0358630604831	0.100811902403	0.0448274156203	0.341007227953	0.104167555834	0.0372723843166	0.141883199514	0.0447088381441	0.111970284903	19.2071448703
1950s	Electricity	USA_ND_Bismarck.Muni.AP.727640_TMY3.epw	G3800190950900	19.0	0.0774809254659	0.07076004233	0.167430080656	0.0764368744944	0.453472150012	0.0213178268724	0.0186042319538	0.0740375127808	0.0166047909245	0.0238555645102	16.1146587324
1950s	Electricity	USA_ND_Bismarck.Muni.AP.727640_TMY3.epw	G3800190951100	19.0	0.0308804796162	0.104091448419	0.166192882112	0.0925797242618	0.378637669198	0.0367817400152	0.0474768264853	0.0546304722897	0.0275417842892	0.0611869733142	22.1386541885
1950s	Electricity	USA_ND_Bismarck.Muni.AP.727640_TMY3.epw	G3800210973300	21.0	0.0247058744334	0.0966928544005	0.114228760927	0.0453777200163	0.58556671599	0.0360269272407	0.0124843333808	0.0239387701799	0.00439887357285	0.0565791698585	8.68797718011
1950s	Electricity	USA_ND_Bismarck.Muni.AP.727640_TMY3.epw	G3800250962200	25.0	0.0659613690414	0.0767642362523	0.104946102538	0.0719917862046	0.453412294875	0.0240866152164	0.0474023394351	0.0261985317509	0.0292453218682	0.099991402818	4.76771332492
1950s	Electricity	USA_ND_Bismarck.Muni.AP.727640_TMY3.epw	G3800270959200	27.0	0.0574427790118	0.0464306602014	0.181866302168	0.149989548512	0.249776651346	0.0355009994963	0.203245701191	0.0278612053734	0.0151979248849	0.0326882278153	16.4136376505
1950s	Electricity	USA_ND_Bismarck.Muni.AP.727640_TMY3.epw	G3800290966500	29.0	0.0549730129733	0.0640346120674	0.127189471795	0.184681249896	0.460402937389	0.0	0.0902656323426	0.00697449654012	0.000402833558703	0.0110757534383	37.1364688173
1950s	Electricity	USA_ND_Bismarck.Muni.AP.727640_TMY3.epw	G3800310959600	31.0	0.0310000521271	0.0516881722145	0.189602642335	0.155418191866	0.371973379414	0.0359709056679	0.0417323573461	0.0452314362484	1.26423054246e-263	0.0773828627805	25.2102849459
1950s	Electricity	USA_ND_Bismarck.Muni.AP.727640_TMY3.epw	G3800370965900	37.0	0.0934019730999	0.184143297695	0.132779417619	0.0116094292305	0.423230421218	0.0281988586177	0.0699510813615	0.00346878289877	2.20276161921e-05	0.0531947106439	18.3449597267
1950s	Electricity	USA_ND_Bismarck.Muni.AP.727640_TMY3.epw	G3800390968600	39.0	0.0494970970393	0.0904653552036	0.204552485505	0.0689885903974	0.463225124212	0.0289135179175	0.0228027598826	0.0641483530874	0.00451273586943	0.00289398088562	1.15082808981
1950s	Electricity	USA_ND_Bismarck.Muni.AP.727640_TMY3.epw	G3800410964700	41.0	0.0385042864453	0.0601320491247	0.203976791227	0.00590836334214	0.353052956316	0.10631205096	0.0405637873598	0.0891967518839	0.00845220128814	0.0939007620535	6.24392096066
1950s	Electricity	USA_ND_Bismarck.Muni.AP.727640_TMY3.epw	G3800410964800	41.0	0.0675898223393	0.106590938323	0.15539057756	0.00753718140225	0.490884972911	0.0430784891444	0.00487658795754	0.0475984375487	0.00389742340587	0.0725555694088	4.256141635
1950s	Electricity	USA_ND_Bismarck.Muni.AP.727640_TMY3.epw	G3800430966800	43.0	0.0486153161831	0.0246878253239	0.0748956090626	0.0192056049343	0.389549739767	0.0196349286639	0.142965404426	0.0809822645353	0.0172104278394	0.182252879264	18.1786163018
1950s	Electricity	USA_ND_Bismarck.Muni.AP.727640_TMY3.epw	G3800450972100	45.0	0.0698378709963	0.0603981474947	0.135177438975	0.117108276616	0.4884634319	0.0126343828015	0.00106897129775	0.0107593343782	0.0305270901382	0.0740250554024	0.990118128406
1950s	Electricity	USA_ND_Bismarck.Muni.AP.727640_TMY3.epw	G3800450972200	45.0	0.0888561074449	0.0812914144981	0.154212239975	0.131860575062	0.43216464281	0.0285532990609	0.0689412649852	0.00117102851086	0.00368669916603	0.00926272848659	37.7641659071
1950s	Electricity	USA_ND_Bismarck.Muni.AP.727640_TMY3.epw	G3800470972500	47.0	0.0678372749463	0.0390748704864	0.0696748186416	0.0411071728829	0.614255963506	0.0281159645013	0.0678019312415	0.00536901997211	0.000120527994939	0.0666424558267	29.5965369739
1950s	Electricity	USA_ND_Bismarck.Muni.AP.727640_TMY3.epw	G3800490955900	49.0	0.0575458570587	0.148561938234	0.103239089964	0.0309785163281	0.527366652802	0.0124629283455	0.0360229288273	0.0117146603836	0.00325816316468	0.0688492648927	4.18051355123
1950s	Electricity	USA_ND_Bismarck.Muni.AP.727640_TMY3.epw	G3800510972900	51.0	0.0618187829917	0.0551202946099	0.0728044827463	0.111871901553	0.511120127593	0.0199925848664	0.112383201665	0.0110534631716	0.0045491735283	0.0392859872741	57.9977166655
1950s	Electricity	USA_ND_Bismarck.Muni.AP.727640_TMY3.epw	G3800550960800	55.0	0.0969179266842	0.123636570348	0.134032493148	0.0673618459383	0.471865179276	0.00662409378632	0.00818151943683	0.021271255297	0.0230523290551	0.0470567870298	19.9107402529
1950s	Electricity	USA_ND_Bismarck.Muni.AP.727640_TMY3.epw	G3800550961000	55.0	0.0663249790808	0.112295523045	0.130360060186	0.0518342876749	0.38515234318	0.00969594899954	0.144977875858	0.0445339328186	0.0232452024152	0.0315798467419	0.3906924243
1950s	Electricity	USA_ND_Bismarck.Muni.AP.727640_TMY3.epw	G3800570961600	57.0	0.0437319226298	0.183912960876	0.167411686985	0.0706732312723	0.470319285127	0.00617035095772	0.0157315075563	0.0109784602421	0.00702311757076	0.0240474767824	8.92889318099
1950s	Electricity	USA_ND_Bismarck.Muni.AP.727640_TMY3.epw	G3800570961700	57.0	0.0633681420757	0.120563281073	0.127863436659	0.0695519903993	0.618653149793	0.0	0.0	0.0	0.0	0.0	0.0399949309206
1950s	Electricity	USA_ND_Bismarck.Muni.AP.727640_TMY3.epw	G3800570961800	57.0	0.0751484154534	0.242763768553	0.100260662762	0.0606377214946	0.433325563396	0.0232706976216	0.00275871713808	0.0158377387502	0.00335830448585	0.042638410345	8.99497240514
1950s	Electricity	USA_ND_Bismarck.Muni.AP.727640_TMY3.epw	G3800590020100	59.0	0.00531728299437	0.0604632617394	0.0414204303389	0.0306603027072	0.204049691373	0.00231282921671	0.407270425266	0.0322527341504	0.0218899875229	0.194363054691	38.3448466954
1950s	Electricity	USA_ND_Bismarck.Muni.AP.727640_TMY3.epw	G3800590020200	59.0	0.0553102907779	0.0646467140088	0.102945120143	0.07412145146	0.70297642361	0.0	0.0	0.0	0.0	0.0	43.2603763615
1950s	Electricity	USA_ND_Bismarck.Muni.AP.727640_TMY3.epw	G3800590020300	59.0	0.147437362303	0.0992423266189	0.0765831979299	0.0895217984054	0.41932999729	0.0427162784982	0.116705860535	0.00302953089886	0.00182323640237	0.00361041111778	6.37652084775
1950s	Electricity	USA_ND_Bismarck.Muni.AP.727640_TMY3.epw	G3800590020400	59.0	0.0542390963346	0.0366596577137	0.0766542831731	0.0417535880121	0.619224318036	0.0043688778243	1.06599879402e-08	0.0103123915073	0.0349212039756	0.121866572763	11.8288910568
1950s	Electricity	USA_ND_Bismarck.Muni.AP.727640_TMY3.epw	G3800590020500	59.0	0.0678524208666	0.115607435674	0.122667519551	0.0613717516592	0.382332450058	0.00464722337829	0.0226553241193	0.0101654607347	0.0476483782154	0.165052035743	12.8318831118
1950s	Electricity	USA_ND_Bismarck.Muni.AP.727640_TMY3.epw	G3800650961200	65.0	0.040410785963	0.196733316715	0.17698212349	0.0895293322708	0.385088540235	0.04482167917	0.0511259714527	0.00217125206018	0.00134649096726	0.0117905076751	7.61210519082
1950s	Electricity	USA_ND_Bismarck.Muni.AP.727640_TMY3.epw	G3800670950400	67.0	0.0488507013195	0.103906600327	0.216588237005	0.113204735758	0.428495317273	0.0182630223024	0.024966737441	0.0318291575104	0.0132212802943	0.000674210769774	0.264042588836
1950s	Electricity	USA_ND_Bismarck.Muni.AP.727640_TMY3.epw	G3800690956200	69.0	0.0660493885338	0.101151758612	0.18934685376	0.114056527594	0.460131893489	0.0329254851222	0.0274984059983	0.00399097126097	0.0024228814681	0.00242583416162	0.59996447069
1950s	Electricity	USA_ND_Bismarck.Muni.AP.727640_TMY3.epw	G3800710957700	71.0	0.0354053777889	0.0680010063452	0.118097571549	0.0540624122319	0.381300767426	0.0615503170546	0.159592278647	0.0360878483326	0.030214537415	0.05568788321	2.66745077423
1950s	Electricity	USA_ND_Bismarck.Muni.AP.727640_TMY3.epw	G3800830960200	83.0	0.0782657703778	0.0782791044847	0.20323872016	0.143041425172	0.283804368597	0.0314348413222	0.00825263374514	0.0708150495923	0.0361196141235	0.066748472425	9.92605578839
1950s	Electricity	USA_ND_Bismarck.Muni.AP.727640_TMY3.epw	G3800850940800	85.0	0.0287954192074	0.211250469693	0.0452598425269	0.012852681177	0.36556240582	0.300721410139	0.0352679817486	0.000142457712336	8.95581058011e-05	5.77738702267e-05	1.50855745531
1950s	Electricity	USA_ND_Bismarck.Muni.AP.727640_TMY3.epw	G3800850940900	85.0	0.0331077676874	0.0906153751373	0.0203395398329	0.00248607360556	0.476847362506	0.355376163405	0.0212277178254	1.08694442085e-322	6.91691904178e-323	1.97626258336e-322	0.276928261983
1950s	Electricity	USA_ND_Bismarck.Muni.AP.727640_TMY3.epw	G3800870965000	87.0	0.0435813310361	0.14718527026	0.0570561368325	0.0333125654223	0.307439417598	0.0353380526292	0.321002992225	0.015852201135	0.0220197934387	0.0172122394234	1.06937420868
1950s	Electricity	USA_ND_Bismarck.Muni.AP.727640_TMY3.epw	G3800890963300	89.0	0.0945419063458	0.088489532827	0.187296625408	0.0453325145738	0.519625047387	0.00968542475502	0.0109455486174	0.00652612301864	0.00961777379141	0.0279395032753	10.9278495135
1950s	Electricity	USA_ND_Bismarck.Muni.AP.727640_TMY3.epw	G3800890963500	89.0	0.0876581534424	0.0183825321694	0.0585175247642	0.0528404348824	0.367547919073	0.146361809904	0.0700974781268	0.0285935209283	0.0387787196015	0.131221907108	2.46940633346
1950s	Electricity	USA_ND_Bismarck.Muni.AP.727640_TMY3.epw	G3800890963600	89.0	0.0382670828311	0.0497976059157	0.0610866728618	0.0450613513932	0.360568788259	0.058418873846	0.0349368115231	0.123115749027	0.0875549734276	0.141192090916	7.68906143648
1950s	Electricity	USA_ND_Bismarck.Muni.AP.727640_TMY3.epw	G3800890963800	89.0	0.0277939825153	0.00787125400279	0.0333141549749	0.0505932363339	0.267572943427	0.107052536749	0.056432398224	0.137447456677	0.0614948769501	0.250427160146	2.15230710289
1950s	Electricity	USA_ND_Bismarck.Muni.AP.727640_TMY3.epw	G3800890963900	89.0	0.0154155374875	0.0525814048922	0.165309788372	0.0570013809763	0.58652705268	0.00786776510912	0.0165519969809	0.0266870205274	0.0195218027309	0.0525362502441	10.6425542358
1950s	Electricity	USA_ND_Bismarck.Muni.AP.727640_TMY3.epw	G3800890964000	89.0	0.0547209459017	0.114504800762	0.0869346629441	0.0598944413899	0.401221678095	0.0027837112391	0.0252825695806	0.026407067985	0.0207803307452	0.207469791358	16.691127455
1950s	Electricity	USA_ND_Bismarck.Muni.AP.727640_TMY3.epw	G3800930967000	93.0	0.0567807763773	0.0367658280899	0.0894873135773	0.0920366072647	0.470722621927	0.0491520321892	0.0626439901607	0.0206671614842	0.0283655866784	0.0933780822516	15.6904070506
1950s	Electricity	USA_ND_Bismarck.Muni.AP.727640_TMY3.epw	G3800930967200	93.0	0.0626566356732	0.0677908856362	0.128531518435	0.0937353351856	0.449121291635	0.0276272886913	0.0837172219354	0.023130328318	0.0230671063352	0.040622388155	17.9849354171
1950s	Electricity	USA_ND_Bismarck.Muni.AP.727640_TMY3.epw	G3800930967300	93.0	0.0256376993264	0.0257180319465	0.078799405569	0.0530888845945	0.212511200168	0.489003369798	0.017083023325	0.0683124567739	0.028997324712	0.000848603786889	7.20530169022
1950s	Electricity	USA_ND_Bismarck.Muni.AP.727640_TMY3.epw	G3800930967400	93.0	0.177356779892	0.0523011768559	0.165295895953	0.110510317365	0.34536450879	0.00465910469569	0.00591696367583	0.031845411378	0.0106577548411	0.0960920865537	6.89952363226
1950s	Electricity	USA_ND_Bismarck.Muni.AP.727640_TMY3.epw	G3800930967500	93.0	0.0251843432746	0.00178005973296	0.087977851395	0.0843829492839	0.121508959235	0.0271853033043	0.281399107599	0.253628231517	0.00779645121191	0.109156743446	13.6796995079
1950s	Electricity	USA_ND_Bismarck.Muni.AP.727640_TMY3.epw	G3800930967800	93.0	0.0654734432038	0.126703135057	0.13240853335	0.0978527222764	0.265703663062	0.0194821637337	0.0484026284225	7.79989589442e-05	8.80650542261e-05	0.243807646881	30.3186557687
1950s	Electricity	USA_ND_Bismarck.Muni.AP.727640_TMY3.epw	G3800990958300	99.0	0.0519564622549	0.0311596730672	0.161582264708	0.0562804154846	0.308294698551	0.107705800122	0.119614596265	0.0951163159532	0.0358828385713	0.032406935022	3.10732722905
1950s	Electricity	USA_ND_Bismarck.Muni.AP.727640_TMY3.epw	G3801030959800	103.0	0.0797175471144	0.122275912684	0.217648001498	0.0127865410957	0.52830686398	0.0162866862005	7.17456787443e-05	0.00787196918855	6.53903757045e-05	0.0149693421837	26.0998349557
1950s	Electricity	USA_ND_Bismarck.Muni.AP.727640_TMY3.epw	G3801030960000	103.0	0.0743517430209	0.0875974325689	0.163639428798	0.0106009049854	0.513911305623	0.00954774705466	0.0656581805484	0.0208716247376	0.00169192166974	0.0521297109936	28.3802482266
1950s	Electricity	USA_ND_Fargo-Hector.Intl.AP.727530_TMY3.epw	G3800030967900	3.0	0.137478627501	0.0639602463337	0.187771230451	0.135163701206	0.269373087822	0.0352441105342	0.00523866660705	0.0572383569714	0.0397025655426	0.0688294070306	28.3568087058
1950s	Electricity	USA_ND_Fargo-Hector.Intl.AP.727530_TMY3.epw	G3800030968000	3.0	0.0702428423581	0.0780038885073	0.138081080486	0.112767897634	0.413572871304	0.0215650861708	0.0099587449829	0.026463624508	0.0285107837621	0.100833180287	20.4554256012
1950s	Electricity	USA_ND_Fargo-Hector.Intl.AP.727530_TMY3.epw	G3800030968200	3.0	0.0766993248565	0.0636312575772	0.122575478426	0.0833347259364	0.313550021431	0.0585240942685	0.198734252427	0.0176067761998	0.00532820092156	0.060015867956	18.719851311
1950s	Electricity	USA_ND_Fargo-Hector.Intl.AP.727530_TMY3.epw	G3800030968300	3.0	0.0669177644486	0.0986248511525	0.13911324968	0.125351014042	0.410747135119	0.0118692293561	0.0237730317042	0.0479011039886	0.0226699867274	0.0530326337816	45.2468643049
1950s	Electricity	USA_ND_Fargo-Hector.Intl.AP.727530_TMY3.epw	G3800050940200	5.0	0.204719304711	0.131720699319	0.129111914203	0.0918861827911	0.277693524332	0.151911096249	5.07353221454e-249	0.0	0.0	0.0129572783957	0.786760663658
1950s	Electricity	USA_ND_Fargo-Hector.Intl.AP.727530_TMY3.epw	G3800170000100	17.0	0.177845849233	0.0734946766493	0.28452531081	0.149650713418	0.314483449889	0.0	0.0	0.0	0.0	0.0	12.3449352261
1950s	Electricity	USA_ND_Fargo-Hector.Intl.AP.727530_TMY3.epw	G3800170000201	17.0	0.0443464279433	0.0159375217171	0.15357859621	0.158502960828	0.344295165458	0.28067836459	0.000999972598422	0.000431424595501	0.000194713195783	0.00103485286362	6.9346698067
1950s	Electricity	USA_ND_Fargo-Hector.Intl.AP.727530_TMY3.epw	G3800170000202	17.0	0.0611988499575	0.103622464552	0.179082366906	0.0968128632143	0.43228926249	0.126721088243	5.9025082333e-05	0.000207903061092	9.65730193193e-08	6.07992094015e-06	9.03592128159
1950s	Electricity	USA_ND_Fargo-Hector.Intl.AP.727530_TMY3.epw	G3800170000300	17.0	0.0461859294847	0.0015971172608	0.0281490510849	0.0244615777407	0.110059403206	0.787929288201	0.000811236034103	2.48504151178e-118	0.0	0.000806396988338	1.62361007962
1950s	Electricity	USA_ND_Fargo-Hector.Intl.AP.727530_TMY3.epw	G3800170000400	17.0	0.022715677392	0.0488374510809	0.0826821154538	0.0943682295832	0.513029147815	0.0489616427137	0.166235796999	0.00363380264923	0.00610668137102	0.0134294549429	34.3885526716
1950s	Electricity	USA_ND_Fargo-Hector.Intl.AP.727530_TMY3.epw	G3800170000501	17.0	0.00592581887802	0.0566806934832	0.187779463529	0.0564390841616	0.132762355962	0.336042789634	0.149053931912	0.0357076099899	0.0395745022621	3.37501875665e-05	5.10809238567
1950s	Electricity	USA_ND_Fargo-Hector.Intl.AP.727530_TMY3.epw	G3800170000502	17.0	0.00896107762503	0.0682697083787	0.201672064544	0.0519905984904	0.169743167699	0.46718111463	0.0281232492726	0.00214336721945	0.000159305814233	0.00175634632692	1.88796678868
1950s	Electricity	USA_ND_Fargo-Hector.Intl.AP.727530_TMY3.epw	G3800170000600	17.0	0.0151506721784	0.0831394537386	0.0917553435761	0.0786773400441	0.317470259862	0.296586740491	0.0603737412456	0.00744650967871	0.0254177875779	0.0239821516075	25.8809350144
1950s	Electricity	USA_ND_Fargo-Hector.Intl.AP.727530_TMY3.epw	G3800170000801	17.0	0.0115972084365	0.0258244022253	0.0943798630605	0.121808735472	0.266122637799	0.323969403908	0.0919782651303	0.00812372768899	0.0261217985517	0.0300739577281	3.31747592173
1950s	Electricity	USA_ND_Fargo-Hector.Intl.AP.727530_TMY3.epw	G3800170000802	17.0	0.0617269181664	0.103956516638	0.276637048421	0.120937288929	0.179025914053	0.148484406691	0.0574276332371	0.0108095332641	0.010018495466	0.030976245134	25.6952936506
1950s	Electricity	USA_ND_Fargo-Hector.Intl.AP.727530_TMY3.epw	G3800170000901	17.0	0.0370038908366	0.0870197567391	0.0983884245863	0.0951388018341	0.377616519457	0.111620860635	0.133664259839	0.0395023082805	0.00424239212121	0.0158027856716	34.4155733124
1950s	Electricity	USA_ND_Fargo-Hector.Intl.AP.727530_TMY3.epw	G3800170000904	17.0	0.000759995139984	0.0273350194297	0.182900179912	0.252765968002	0.536238837516	0.0	0.0	0.0	0.0	0.0	5.85090935353
1950s	Electricity	USA_ND_Fargo-Hector.Intl.AP.727530_TMY3.epw	G3800170001001	17.0	0.0554671165373	0.224843577235	0.120791011515	0.139047225818	0.459851068895	0.0	0.0	0.0	0.0	0.0	1.77250840357
1950s	Electricity	USA_ND_Fargo-Hector.Intl.AP.727530_TMY3.epw	G3800170001002	17.0	0.000717431107152	0.0073256216118	0.191323677835	0.235807806026	0.564825463419	0.0	0.0	0.0	0.0	0.0	1.09985255813
1950s	Electricity	USA_ND_Fargo-Hector.Intl.AP.727530_TMY3.epw	G3800170010108	17.0	0.0	0.0	0.0	0.0	0.0	0.683265473153	0.0	0.0	0.0	0.316734526847	3.26741871461
1950s	Electricity	USA_ND_Fargo-Hector.Intl.AP.727530_TMY3.epw	G3800170010109	17.0	0.0681767300468	0.0537811191921	0.179411829989	0.22717613495	0.471454185822	0.0	0.0	0.0	0.0	0.0	1.93316654715
1950s	Electricity	USA_ND_Fargo-Hector.Intl.AP.727530_TMY3.epw	G3800170010201	17.0	0.0423773804177	0.0614728708324	0.160240401152	0.200006929437	0.450986470466	0.000189333464061	0.0209547769747	0.00375887372383	0.0277904364556	0.0322225270765	19.2507840627
1950s	Electricity	USA_ND_Fargo-Hector.Intl.AP.727530_TMY3.epw	G3800170010203	17.0	0.0551838525167	0.0262183684866	0.181195972676	0.213617962213	0.407659270455	0.0192817606934	0.00851477454441	0.0333224338781	0.0466672981357	0.00833830640032	13.0824823274
1950s	Electricity	USA_ND_Fargo-Hector.Intl.AP.727530_TMY3.epw	G3800170010204	17.0	0.00938849264716	0.0490105368593	0.187063613024	0.187013861141	0.567523496328	0.0	0.0	0.0	0.0	0.0	2.9544754009
1950s	Electricity	USA_ND_Fargo-Hector.Intl.AP.727530_TMY3.epw	G3800170010303	17.0	0.011000641949	0.0105946413988	0.0245450810037	0.0145016755742	0.0473505464883	0.0235022097721	0.0	0.0	0.0	0.868505203814	8.61726840787
1950s	Electricity	USA_ND_Fargo-Hector.Intl.AP.727530_TMY3.epw	G3800170010305	17.0	0.000582842649494	0.0193884722859	0.0971531423165	0.0875279665073	0.795347576241	0.0	0.0	0.0	0.0	0.0	0.523864603198
1950s	Electricity	USA_ND_Fargo-Hector.Intl.AP.727530_TMY3.epw	G3800170010306	17.0	5.36582396041e-06	0.256694302732	0.136197847327	0.0725098851054	0.534592599012	0.0	0.0	0.0	0.0	0.0	1.57989840317
1950s	Electricity	USA_ND_Fargo-Hector.Intl.AP.727530_TMY3.epw	G3800170040100	17.0	0.108313382892	0.273786004866	0.169926976061	0.0918256808122	0.228955149697	0.00624716943504	0.0398149536363	0.025018781336	0.0294428234501	0.0266690778141	15.3921935805
1950s	Electricity	USA_ND_Fargo-Hector.Intl.AP.727530_TMY3.epw	G3800170040200	17.0	0.0344695940624	0.148234930684	0.197698777484	0.0680173475867	0.275674780763	0.0568970612935	0.140559732315	0.00905998228715	0.0165492092798	0.0528385842451	27.1338997733
1950s	Electricity	USA_ND_Fargo-Hector.Intl.AP.727530_TMY3.epw	G3800170040300	17.0	0.00356330618672	0.0477758438739	0.177757503994	0.204075876968	0.49545230736	0.0215391549099	0.0250722006095	0.00913704189546	0.00832344380372	0.00730332039891	5.68231371423
1950s	Electricity	USA_ND_Fargo-Hector.Intl.AP.727530_TMY3.epw	G3800170040400	17.0	0.131485268956	0.0849918192092	0.192446222591	0.182644017545	0.373711453308	1.27375560111e-07	0.00185222947493	1.34364558313e-05	0.0146802207764	0.0181752043084	9.61906572658
1950s	Electricity	USA_ND_Fargo-Hector.Intl.AP.727530_TMY3.epw	G3800170040500	17.0	0.00408565731339	0.0527506898405	0.294907847488	0.311151875827	0.337103929532	0.0	0.0	0.0	0.0	0.0	0.511948593163
1950s	Electricity	USA_ND_Fargo-Hector.Intl.AP.727530_TMY3.epw	G3800170040600	17.0	0.0299664936396	0.15778801451	0.1379529233	0.0529989137097	0.179788320474	0.0738126399843	0.144069180743	0.0858983133029	0.07935698616	0.0583682141758	29.8099715001
1950s	Electricity	USA_ND_Fargo-Hector.Intl.AP.727530_TMY3.epw	G3800190951100	19.0	0.0308804796162	0.104091448419	0.166192882112	0.0925797242618	0.378637669198	0.0367817400152	0.0474768264853	0.0546304722897	0.0275417842892	0.0611869733142	0.430713116508
1950s	Electricity	USA_ND_Fargo-Hector.Intl.AP.727530_TMY3.epw	G3800210973200	21.0	0.0239055997665	0.0637844677689	0.128210975004	0.0764703038632	0.497170007784	0.0589918192969	0.00593851069835	0.0680961297022	0.0134946656739	0.0639375204416	25.0623256737
1950s	Electricity	USA_ND_Fargo-Hector.Intl.AP.727530_TMY3.epw	G3800210973300	21.0	0.0247058744334	0.0966928544005	0.114228760927	0.0453777200163	0.58556671599	0.0360269272407	0.0124843333808	0.0239387701799	0.00439887357285	0.0565791698585	2.98866414996
1950s	Electricity	USA_ND_Fargo-Hector.Intl.AP.727530_TMY3.epw	G3800270959200	27.0	0.0574427790118	0.0464306602014	0.181866302168	0.149989548512	0.249776651346	0.0355009994963	0.203245701191	0.0278612053734	0.0151979248849	0.0326882278153	1.6007236314
1950s	Electricity	USA_ND_Fargo-Hector.Intl.AP.727530_TMY3.epw	G3800310959600	31.0	0.0	0.0	0.0	0.0	0.0	0.0	0.0	0.0	0.0	0.0	0.0
1950s	Electricity	USA_ND_Fargo-Hector.Intl.AP.727530_TMY3.epw	G3800350010100	35.0	0.00104765016306	4.94065645841e-324	0.096768793145	0.0332967890391	4.94065645841e-324	0.041260417893	0.0740989749466	0.365659109147	0.109461692866	0.278406572801	7.42462902134
1950s	Electricity	USA_ND_Fargo-Hector.Intl.AP.727530_TMY3.epw	G3800350010200	35.0	0.0281203129289	0.0427730982403	0.116956724495	0.0376815704081	0.150297091837	0.26248354401	0.153292460187	0.0697419191192	0.0126821677186	0.125971111056	42.6661082194
1950s	Electricity	USA_ND_Fargo-Hector.Intl.AP.727530_TMY3.epw	G3800350010300	35.0	0.0809137013718	0.0399020168008	0.0616563047859	0.009269564926	0.251444836236	0.456319951065	0.000221975817224	0.00651195598361	0.021823106125	0.0719365868886	6.02811072602
1950s	Electricity	USA_ND_Fargo-Hector.Intl.AP.727530_TMY3.epw	G3800350010400	35.0	0.00381285582807	0.0227141163709	0.0706297550353	0.00577214959684	0.00492171599525	0.334158087869	0.263376031381	0.0418278502885	0.0728856742553	0.179901763381	6.01406201003
1950s	Electricity	USA_ND_Fargo-Hector.Intl.AP.727530_TMY3.epw	G3800350010600	35.0	0.00436911545771	0.0183950830033	0.0354602230761	0.00214490729724	0.0518884555615	0.182892555997	0.116318505863	0.422851109445	0.12594498615	0.0397350581489	2.83487912749
1950s	Electricity	USA_ND_Fargo-Hector.Intl.AP.727530_TMY3.epw	G3800350010700	35.0	0.0276842328133	0.0601187525691	0.188478553693	0.0420385425314	0.102264807391	0.143539206165	0.0384585392539	0.258746175739	0.0547577725774	0.0839134172675	22.8921024391
1950s	Electricity	USA_ND_Fargo-Hector.Intl.AP.727530_TMY3.epw	G3800350010801	35.0	1.67982319586e-322	4.44659081257e-323	0.744	0.256	1.48219693752e-322	0.0	0.0	0.0	0.0	0.0	0.63844508333
1950s	Electricity	USA_ND_Fargo-Hector.Intl.AP.727530_TMY3.epw	G3800350010803	35.0	0.0251019462388	0.137325470617	0.168301711106	0.101190654288	0.254609957709	0.0677384882308	0.00376080434857	0.0168120406676	0.00475902244119	0.220399904354	3.02348505994
1950s	Electricity	USA_ND_Fargo-Hector.Intl.AP.727530_TMY3.epw	G3800350010900	35.0	0.0407935161472	0.074993945447	0.209717389135	0.0735839090828	0.566671882752	0.027798042902	0.00534629106321	0.00109502347077	0.0	0.0	6.22551854617
1950s	Electricity	USA_ND_Fargo-Hector.Intl.AP.727530_TMY3.epw	G3800350011000	35.0	0.0200517370034	0.0637764093426	0.291994084259	0.121408363419	0.188353612332	0.10887253063	0.0266206702748	0.118660367654	0.0215123619198	0.0387498631669	27.3943796494
1950s	Electricity	USA_ND_Fargo-Hector.Intl.AP.727530_TMY3.epw	G3800350011100	35.0	0.0191769896232	0.0693677383118	0.587212030749	0.186798770909	0.137444470408	0.0	0.0	0.0	0.0	0.0	11.8869439958
1950s	Electricity	USA_ND_Fargo-Hector.Intl.AP.727530_TMY3.epw	G3800350011200	35.0	0.0842458077246	0.0657838591426	0.228898113274	0.094265708604	0.449916584847	0.0089743405046	1.40596090061e-05	0.0482655892012	0.0106096834833	0.00902625361003	33.2107559532
1950s	Electricity	USA_ND_Fargo-Hector.Intl.AP.727530_TMY3.epw	G3800350011400	35.0	0.0138351864848	0.0427486464935	0.145857207343	0.0870470464431	0.281647172141	0.184425060115	0.0700122385156	0.107612629351	0.033816282831	0.0329985302823	37.5610864932
1950s	Electricity	USA_ND_Fargo-Hector.Intl.AP.727530_TMY3.epw	G3800350011700	35.0	0.0191608402152	0.0921164864347	0.184628248198	0.128545360602	0.517054407474	0.0422828240441	0.0013030180078	0.00539959608239	0.00321748751778	0.00629173142485	16.533832645
1950s	Electricity	USA_ND_Fargo-Hector.Intl.AP.727530_TMY3.epw	G3800350011800	35.0	0.015960347571	0.0898866878264	0.218156516461	0.0910176900159	0.256565958674	0.107432645822	0.0645857337368	0.0767559805487	0.0371135301842	0.0425249091593	15.72644692
1950s	Electricity	USA_ND_Fargo-Hector.Intl.AP.727530_TMY3.epw	G3800350011900	35.0	0.0	0.0	0.0	0.0	0.0	0.386318905249	0.517326789677	4.49037128218e-187	0.0427771383104	0.0535771667637	0.523736840094
1950s	Electricity	USA_ND_Fargo-Hector.Intl.AP.727530_TMY3.epw	G3800350012000	35.0	0.0227313148018	0.0482899534784	0.237226572219	0.122063428577	0.326101992367	0.0781273915071	0.0240414825449	0.101761595724	0.0263010939086	0.013355174872	37.1577269976
1950s	Electricity	USA_ND_Fargo-Hector.Intl.AP.727530_TMY3.epw	G3800390968600	39.0	0.0494970970393	0.0904653552036	0.204552485505	0.0689885903974	0.463225124212	0.0289135179175	0.0228027598826	0.0641483530874	0.00451273586943	0.00289398088562	31.8810484338
1950s	Electricity	USA_ND_Fargo-Hector.Intl.AP.727530_TMY3.epw	G3800450972100	45.0	0.0698378709963	0.0603981474947	0.135177438975	0.117108276616	0.4884634319	0.0126343828015	0.00106897129775	0.0107593343782	0.0305270901382	0.0740250554024	17.1168366856
1950s	Electricity	USA_ND_Fargo-Hector.Intl.AP.727530_TMY3.epw	G3800450972200	45.0	0.0888561074449	0.0812914144981	0.154212239975	0.131860575062	0.43216464281	0.0285532990609	0.0689412649852	0.00117102851086	0.00368669916603	0.00926272848659	2.41194490283
1950s	Electricity	USA_ND_Fargo-Hector.Intl.AP.727530_TMY3.epw	G3800630959000	63.0	0.0939920836322	0.0818736569218	0.160520483133	0.0850313366179	0.458302371391	0.0052388510691	0.0295126786871	0.0341729258206	0.0207256573766	0.0306299553507	61.9259371026
1950s	Electricity	USA_ND_Fargo-Hector.Intl.AP.727530_TMY3.epw	G3800670950100	67.0	0.03071124735	0.103668312395	0.233493762307	0.113630503507	0.511724448601	0.00125622306967	0.000114424951198	0.00380737212803	0.000302565866372	0.00129113982483	13.298192489
