Dependency=Vintage	Dependency=Heating Fuel	Dependency=Location EPW	Dependency=Location Census Tract	Dependency=County	Option=owner 0-30	Option=owner 30-50	Option=owner 50-80	Option=owner 80-100	Option=owner 100+	Option=renter 0-30	Option=renter 30-50	Option=renter 50-80	Option=renter 80-100	Option=renter 100+	Count
1950s	Electricity	USA_AZ_Flagstaff-Pulliam.AP.723755_TMY3.epw	G3500030976400	3.0	0.139508849627	0.30766048704	0.391426757994	0.0190797157768	0.136898308913	0.00398858905344	0.000911018145848	5.87443898115e-05	5.49895752966e-05	0.00041253948531	0.776254392923
1950s	Electricity	USA_AZ_Flagstaff-Pulliam.AP.723755_TMY3.epw	G3500060945800	6.0	0.187194190721	0.222861756069	0.126955484179	0.020764780725	0.389240690882	0.0407059615483	0.00360322510983	0.00718131033649	0.000138689061903	0.00135391136725	0.159540410786
1950s	Electricity	USA_AZ_Flagstaff-Pulliam.AP.723755_TMY3.epw	G3500060974700	6.0	0.0308414023363	0.0165948229685	0.198056305624	0.00424752949963	0.180258339719	0.0676523184348	0.0822719707219	0.330996304292	0.0	0.0890810064033	0.0466939880308
1950s	Electricity	USA_AZ_Flagstaff-Pulliam.AP.723755_TMY3.epw	G3500170964100	17.0	0.0	0.0	0.0	0.0	0.0	0.0	0.0	0.0	0.0	0.0	0.0
1950s	Electricity	USA_AZ_Flagstaff-Pulliam.AP.723755_TMY3.epw	G3500170964200	17.0	0.295277889872	0.159755197949	0.0724692804537	0.00677953490124	0.194264242588	0.00135982553497	0.0	0.270094028701	0.0	0.0	0.0225267418474
1950s	Electricity	USA_AZ_Flagstaff-Pulliam.AP.723755_TMY3.epw	G3500310940300	31.0	0.233164053469	0.0838788713633	0.172532836624	0.0985939827371	0.411830255807	0.0	0.0	0.0	0.0	0.0	3.92184714557
1950s	Electricity	USA_AZ_Flagstaff-Pulliam.AP.723755_TMY3.epw	G3500310940500	31.0	0.242059407921	0.0433866991851	0.0723425749537	0.00304720342133	0.10516503764	0.356609086965	0.0311663592326	0.0606802779454	0.0101744267885	0.0753689259467	0.640278133684
1950s	Electricity	USA_AZ_Flagstaff-Pulliam.AP.723755_TMY3.epw	G3500310943500	31.0	0.0844026501972	0.055647336029	0.0296675368125	0.00748328340615	0.0611449306809	0.316634074413	0.0119037749957	0.116503043534	0.0267739195935	0.289839450338	0.0032056516635
1950s	Electricity	USA_AZ_Flagstaff-Pulliam.AP.723755_TMY3.epw	G3500310943600	31.0	0.467391634438	0.104296727882	0.16661432206	0.0422547238544	0.166230259109	0.0268978431118	1.46656296709e-08	0.0263094586449	4.87920796053e-07	4.52831305261e-06	0.012763273026
1950s	Electricity	USA_AZ_Flagstaff-Pulliam.AP.723755_TMY3.epw	G3500310943700	31.0	0.573285340706	0.100670814504	0.105124375221	0.0378417895027	0.183077680066	0.0	0.0	0.0	0.0	0.0	0.737701987498
1950s	Electricity	USA_AZ_Flagstaff-Pulliam.AP.723755_TMY3.epw	G3500310943800	31.0	0.16409717874	0.0260036922365	0.0573714235123	0.0201190841049	0.109728897627	0.525634687934	5.53677162773e-06	0.0914787583944	0.00368214832289	0.00187859235649	3.99693761135
1950s	Electricity	USA_AZ_Flagstaff-Pulliam.AP.723755_TMY3.epw	G3500310943901	31.0	0.445942931379	0.0739838642707	0.173359318431	0.0251281410675	0.281585744852	0.0	0.0	0.0	0.0	0.0	2.22618833683
1950s	Electricity	USA_AZ_Flagstaff-Pulliam.AP.723755_TMY3.epw	G3500310943902	31.0	0.306953192322	0.232315559064	0.124703243426	0.0643577950311	0.271670210157	0.0	0.0	0.0	0.0	0.0	1.30128627522
1950s	Electricity	USA_AZ_Flagstaff-Pulliam.AP.723755_TMY3.epw	G3500310944000	31.0	0.29151656183	0.0485737920799	0.065271252235	0.0118110537268	0.121267591188	0.367420664358	0.0125658814168	0.0721759185294	0.0032700593248	0.00612722531096	0.00157656797751
1950s	Electricity	USA_AZ_Flagstaff-Pulliam.AP.723755_TMY3.epw	G3500310945200	31.0	0.0371553239823	3.69644313544e-07	0.0918498661745	0.000177700916356	0.0196679691224	0.0540218038159	0.00935374884559	0.0807208262752	0.104928925045	0.602123466179	4.23868194596
1950s	Electricity	USA_AZ_Flagstaff-Pulliam.AP.723755_TMY3.epw	G3500310945300	31.0	0.0	0.0	0.0	0.0	0.0	0.625577213472	0.000838142647128	0.301993585023	0.0461550168484	0.0254360420095	2.95999846977
1950s	Electricity	USA_AZ_Flagstaff-Pulliam.AP.723755_TMY3.epw	G3500310945400	31.0	0.0626741529582	0.0107535791582	0.0293948786275	0.0151459765814	0.0399775654284	0.628068603554	0.0090199616968	0.0464820146235	0.0297272083642	0.128756059008	10.8167198676
1950s	Electricity	USA_AZ_Flagstaff-Pulliam.AP.723755_TMY3.epw	G3500310945500	31.0	0.068299674823	0.040187980664	0.0591492949	0.0421206553131	0.418242775704	0.16607624853	0.00020744944623	0.0528000101074	0.0257983532627	0.127117557249	12.1339187699
1950s	Electricity	USA_AZ_Flagstaff-Pulliam.AP.723755_TMY3.epw	G3500310945600	31.0	0.71185025126	2.83123459521e-06	0.151266497352	0.00522395860965	0.131656461544	0.0	0.0	0.0	0.0	0.0	0.0485693601889
1950s	Electricity	USA_AZ_Flagstaff-Pulliam.AP.723755_TMY3.epw	G3500310945700	31.0	0.478695892242	0.0328777940942	0.0443129034037	0.0281832453747	0.415930164886	0.0	0.0	0.0	0.0	0.0	0.115616208248
1950s	Electricity	USA_AZ_Flagstaff-Pulliam.AP.723755_TMY3.epw	G3500310973100	31.0	0.0039036963274	0.0130694184629	0.0537279248735	0.0480716318406	0.881227328496	0.0	0.0	0.0	0.0	0.0	0.374539877161
1950s	Electricity	USA_AZ_Flagstaff-Pulliam.AP.723755_TMY3.epw	G3500450942900	45.0	0.271938567722	0.204945503528	0.0892208530015	0.0163225968709	0.159110691496	0.171776985185	0.023822654588	0.0502144710064	0.00274462102142	0.00990305558085	2.14880042524
1950s	Electricity	USA_AZ_Flagstaff-Pulliam.AP.723755_TMY3.epw	G3500450943000	45.0	0.186513337868	0.176847209408	0.145430677018	0.0223474735548	0.413275558603	0.0381372121709	0.00459229191691	0.011944936169	5.01766455925e-06	0.000906285627131	0.00176539345213
1950s	Electricity	USA_AZ_Flagstaff-Pulliam.AP.723755_TMY3.epw	G3500450943100	45.0	0.198854910623	0.267330549824	0.112096435231	0.0185306388372	0.239760205611	0.113711863128	0.00718981644374	0.0245007216692	0.00604581119352	0.0119790474386	0.846135973728
1950s	Electricity	USA_AZ_Flagstaff-Pulliam.AP.723755_TMY3.epw	G3500450943201	45.0	0.294477040857	0.14393561135	0.0989069413017	0.00971816706433	0.338370855337	0.108172655798	0.00200057667284	0.00289014413109	0.000951510978025	0.000576496509975	0.00629011197892
1950s	Electricity	USA_AZ_Tucson.Intl.AP.722740_TMY3.epw	G3500170964200	17.0	0.0	0.0	0.0	0.0	0.0	0.0	0.0	0.0	0.0	0.0	0.0
1950s	Electricity	USA_AZ_Tucson.Intl.AP.722740_TMY3.epw	G3500230970000	23.0	0.437263209951	0.113479671601	0.196239496759	0.0177068403088	0.131962015601	0.00155474491714	0.0	0.0185264635692	2.46270165404e-05	0.0832429302757	0.859162482738
1950s	Electricity	USA_CO_Alamosa.Muni.AP.724620_TMY3.epw	G3500060945800	6.0	0.187194190721	0.222861756069	0.126955484179	0.020764780725	0.389240690882	0.0407059615483	0.00360322510983	0.00718131033649	0.000138689061903	0.00135391136725	0.0224538355922
1950s	Electricity	USA_CO_Alamosa.Muni.AP.724620_TMY3.epw	G3500060974700	6.0	0.0308414023363	0.0165948229685	0.198056305624	0.00424752949963	0.180258339719	0.0676523184348	0.0822719707219	0.330996304292	0.0	0.0890810064033	0.0673262153002
1950s	Electricity	USA_CO_Alamosa.Muni.AP.724620_TMY3.epw	G3500070950500	7.0	0.111855420725	0.0158997469927	0.0549639644819	0.0340735942738	0.202742073421	0.437471561466	0.000352482833744	0.142138236384	0.00021890638145	0.000284013039857	10.1143758524
1950s	Electricity	USA_CO_Alamosa.Muni.AP.724620_TMY3.epw	G3500070950600	7.0	0.124268847518	0.0263261492915	0.0261198077612	0.0463564451449	0.343133413474	0.16181920586	0.00207366042593	0.204024104031	0.0130513062845	0.0528270602096	23.1955579809
1950s	Electricity	USA_CO_Alamosa.Muni.AP.724620_TMY3.epw	G3500070950700	7.0	0.0860560275921	0.00615052888284	0.0229224202379	0.0126319986406	0.0689448586141	0.225363554462	0.000941894128884	0.0590817173077	0.00234422574116	0.515562774392	8.98495089629
1950s	Electricity	USA_CO_Alamosa.Muni.AP.724620_TMY3.epw	G3500210000100	21.0	0.0	0.0	0.0	0.0	0.0	0.0	0.0	0.0	0.0	0.0	0.0
1950s	Electricity	USA_CO_Alamosa.Muni.AP.724620_TMY3.epw	G3500310943800	31.0	0.16409717874	0.0260036922365	0.0573714235123	0.0201190841049	0.109728897627	0.525634687934	5.53677162773e-06	0.0914787583944	0.00368214832289	0.00187859235649	0.300273170658
1950s	Electricity	USA_CO_Alamosa.Muni.AP.724620_TMY3.epw	G3500330955200	33.0	0.630502203318	0.0369252231063	0.0105891264892	0.0176199735621	0.156367140041	0.103566633442	0.000470240341372	0.00813801794601	0.000837095886258	0.0349843458684	3.14139783678
1950s	Electricity	USA_CO_Alamosa.Muni.AP.724620_TMY3.epw	G3500390000100	39.0	0.673264731129	0.0233182389441	0.0025878889934	0.00329445566219	0.297534685271	0.0	0.0	0.0	0.0	0.0	0.0702263666297
1950s	Electricity	USA_CO_Alamosa.Muni.AP.724620_TMY3.epw	G3500390000200	39.0	0.284555458432	0.0623346137089	0.0348336929117	0.0643040583891	0.405970453574	0.097631661707	0.0110283232095	0.0335042696258	3.4220479144e-05	0.00580324796263	1.09330249958
1950s	Electricity	USA_CO_Alamosa.Muni.AP.724620_TMY3.epw	G3500390000300	39.0	0.0266605680562	0.0270611748694	0.0659253816655	0.160990512788	0.719362362621	0.0	0.0	0.0	0.0	0.0	0.328058513191
1950s	Electricity	USA_CO_Alamosa.Muni.AP.724620_TMY3.epw	G3500390000400	39.0	0.460070862881	0.0633930493026	0.0192930656778	0.0367541540602	0.420488868078	0.0	0.0	0.0	0.0	0.0	0.0837094050922
1950s	Electricity	USA_CO_Alamosa.Muni.AP.724620_TMY3.epw	G3500390000500	39.0	0.231221669591	0.00409484026275	0.0224764670626	0.0500131741634	0.542309115091	0.0301223769575	0.00253276539105	0.0517245553737	0.00703166096723	0.0584733751393	3.07991476501
1950s	Electricity	USA_CO_Alamosa.Muni.AP.724620_TMY3.epw	G3500390941000	39.0	0.122251679303	0.00821568727222	0.0413488134269	0.123064523365	0.525381709242	9.38531034057e-06	0.000256370949852	0.000406296954565	9.61480976798e-07	0.179064572696	0.901691114267
1950s	Electricity	USA_CO_Alamosa.Muni.AP.724620_TMY3.epw	G3500430010900	43.0	0.0798749109466	0.0834757206635	0.170980132034	0.0824229337397	0.504308167575	2.06168540626e-234	0.00991723025076	0.00294906051136	0.0017842022945	0.0642876419848	0.0362499207683
1950s	Electricity	USA_CO_Alamosa.Muni.AP.724620_TMY3.epw	G3500430940900	43.0	0.264987589468	0.121990786669	0.0117776663018	0.00123549545798	0.174126112776	0.19549108046	0.0	0.0	0.0501211275279	0.180270141339	0.00401808746019
1950s	Electricity	USA_CO_Alamosa.Muni.AP.724620_TMY3.epw	G3500450000611	45.0	0.0966431235255	0.000952570867995	0.156428037419	0.00221119293994	0.743765075248	0.0	0.0	0.0	0.0	0.0	0.261983575684
1950s	Electricity	USA_CO_Alamosa.Muni.AP.724620_TMY3.epw	G3500450000702	45.0	0.0313220333454	0.0140047854218	0.18661420766	0.0252151913377	0.742843782235	0.0	0.0	0.0	0.0	0.0	0.123254464508
1950s	Electricity	USA_CO_Alamosa.Muni.AP.724620_TMY3.epw	G3500450000706	45.0	0.132479448665	0.00186251531543	0.164049376714	0.00264870051271	0.698959958793	0.0	0.0	0.0	0.0	0.0	3.69387443031
1950s	Electricity	USA_CO_Alamosa.Muni.AP.724620_TMY3.epw	G3500450942900	45.0	0.271938567722	0.204945503528	0.0892208530015	0.0163225968709	0.159110691496	0.171776985185	0.023822654588	0.0502144710064	0.00274462102142	0.00990305558085	0.449863892707
1950s	Electricity	USA_CO_Alamosa.Muni.AP.724620_TMY3.epw	G3500450943100	45.0	0.198854910623	0.267330549824	0.112096435231	0.0185306388372	0.239760205611	0.113711863128	0.00718981644374	0.0245007216692	0.00604581119352	0.0119790474386	0.524077298607
1950s	Electricity	USA_CO_Alamosa.Muni.AP.724620_TMY3.epw	G3500450943201	45.0	0.294477040857	0.14393561135	0.0989069413017	0.00971816706433	0.338370855337	0.108172655798	0.00200057667284	0.00289014413109	0.000951510978025	0.000576496509975	0.029249020702
1950s	Electricity	USA_CO_Alamosa.Muni.AP.724620_TMY3.epw	G3500470957500	47.0	0.520771965292	0.00947897505991	0.00578521247832	0.00864475505402	0.364718314339	0.000154290443579	0.00293151842799	0.0187608569085	0.0	0.0687541119961	0.322352523847
1950s	Electricity	USA_CO_Alamosa.Muni.AP.724620_TMY3.epw	G3500470957600	47.0	0.0	0.0	0.0	0.0	0.0	0.0	0.0	0.0	0.0	0.0	0.0
1950s	Electricity	USA_CO_Alamosa.Muni.AP.724620_TMY3.epw	G3500490010102	49.0	0.153932748576	0.00134018192204	0.0317249299457	0.00331246963907	0.193395513029	0.574338619353	0.0132257587339	0.0279007135172	0.000642357065856	0.000186708218251	0.00545327677554
1950s	Electricity	USA_CO_Alamosa.Muni.AP.724620_TMY3.epw	G3500550940000	55.0	0.433922867365	0.00736807117307	0.0196964101045	0.0576634606204	0.270625959901	0.0955412695129	0.0	0.0	0.0	0.115181961323	1.04312624397
1950s	Electricity	USA_CO_Alamosa.Muni.AP.724620_TMY3.epw	G3500550940100	55.0	0.172764075518	0.00513674339902	0.00293305910993	0.00416709038573	0.564805706873	0.12228367468	0.000256568847782	0.00122773212459	0.000521978975244	0.125903370086	5.77883833685
1950s	Electricity	USA_CO_Alamosa.Muni.AP.724620_TMY3.epw	G3500550952100	55.0	0.253396630113	0.00497742003558	0.0043901901151	0.00615869121848	0.30004017888	0.430582630109	0.000177157294225	0.000277093395102	3.41398356406e-11	8.80526682069e-09	0.366307236243
1950s	Electricity	USA_CO_Alamosa.Muni.AP.724620_TMY3.epw	G3500550952300	55.0	0.0979341083215	0.00194564342045	0.00792902692489	0.0296118369053	0.136054201553	4.08608371807e-08	0.0	4.94065645841e-324	3.78729419742e-09	0.726525138227	1.23179920839
1950s	Electricity	USA_CO_Alamosa.Muni.AP.724620_TMY3.epw	G3500550952600	55.0	0.253749821538	0.00712329554575	0.0040054323953	0.00296096445302	0.385106578741	0.00623901028746	0.082478186522	0.234176695283	0.0188182468788	0.00534176835632	2.25404910817
1950s	Electricity	USA_CO_Alamosa.Muni.AP.724620_TMY3.epw	G3500550952700	55.0	0.393915927566	0.0281398746247	0.0221828848695	0.039336311752	0.516425001187	0.0	0.0	0.0	0.0	0.0	5.06847210995
1950s	Electricity	USA_CO_Alamosa.Muni.AP.724620_TMY3.epw	G3500590950200	59.0	0.0320336161397	0.0279215027846	0.0623157773483	0.0597164078382	0.390892453473	0.0817933342041	0.00027963260571	0.232810305763	0.002141400181	0.110095569662	0.561393386273
1950s	Electricity	USA_CO_Colorado.Springs-Peterson.Field.724660_TMY3.epw	G3500590950200	59.0	0.0320336161397	0.0279215027846	0.0623157773483	0.0597164078382	0.390892453473	0.0817933342041	0.00027963260571	0.232810305763	0.002141400181	0.110095569662	0.0491942658075
1950s	Electricity	USA_CO_Eagle.County.Rgnl.AP.724675_TMY3.epw	G3500450000611	45.0	0.0966431235255	0.000952570867995	0.156428037419	0.00221119293994	0.743765075248	0.0	0.0	0.0	0.0	0.0	0.00768222515164
1950s	Electricity	USA_CO_Eagle.County.Rgnl.AP.724675_TMY3.epw	G3500450000613	45.0	0.0	0.0	0.0	0.0	0.0	0.0	0.0	0.0	0.0	0.0	0.0
1950s	Electricity	USA_CO_Eagle.County.Rgnl.AP.724675_TMY3.epw	G3500450943300	45.0	0.390322799893	0.00197375851604	0.0514454381193	0.00255516173669	0.553702841735	0.0	0.0	0.0	0.0	0.0	0.0555702242757
1950s	Electricity	USA_CO_Grand.Junction-Walker.Field.724760_TMY3.epw	G3500450000504	45.0	0.000639260706863	0.000187746388434	0.00400688884705	0.00550740349134	0.989658700566	0.0	0.0	0.0	0.0	0.0	0.241926276008
1950s	Electricity	USA_CO_Grand.Junction-Walker.Field.724760_TMY3.epw	G3500450942801	45.0	0.173733409341	0.0920253492046	0.104468102779	0.0107168427144	0.284705186427	0.321463812114	0.00302455973769	0.00893735299208	0.00048817084412	0.000437213846209	1.18810489848
1950s	Electricity	USA_CO_Grand.Junction-Walker.Field.724760_TMY3.epw	G3500450942802	45.0	0.133436966033	0.11337894487	0.163780548082	0.0248266596425	0.20162791128	0.103112117516	0.0191753410956	0.156749595257	0.0253135213346	0.058598394889	3.27362374257
1950s	Electricity	USA_CO_Grand.Junction-Walker.Field.724760_TMY3.epw	G3500450942803	45.0	0.0195139626891	0.00916900931384	0.0096365412583	0.00173652734131	0.0101978060037	0.731642692233	0.0410461151576	0.141807289408	0.00353966279989	0.0317103937952	1.63083362905
1950s	Electricity	USA_CO_Grand.Junction-Walker.Field.724760_TMY3.epw	G3500450943000	45.0	0.186513337868	0.176847209408	0.145430677018	0.0223474735548	0.413275558603	0.0381372121709	0.00459229191691	0.011944936169	5.01766455925e-06	0.000906285627131	0.56757399486
1950s	Electricity	USA_CO_Pueblo.Mem.AP.724640_TMY3.epw	G3500590950200	59.0	0.0320336161397	0.0279215027846	0.0623157773483	0.0597164078382	0.390892453473	0.0817933342041	0.00027963260571	0.232810305763	0.002141400181	0.110095569662	0.277802912795
1950s	Electricity	USA_NM_Albuquerque.Intl.AP.723650_TMY3.epw	G3500010000107	1.0	0.166476190982	0.0324570227666	0.131702508834	0.060411365107	0.608952912311	0.0	0.0	0.0	0.0	0.0	0.00461906799653
1950s	Electricity	USA_NM_Albuquerque.Intl.AP.723650_TMY3.epw	G3500010000109	1.0	0.0073975010277	0.024119115126	0.0423952852028	0.00855375266159	0.753681231881	0.0139051158134	0.0543551457267	0.0613012745139	0.000879740059297	0.0334118379873	3.11970447705
1950s	Electricity	USA_NM_Albuquerque.Intl.AP.723650_TMY3.epw	G3500010000110	1.0	0.131623540407	0.0920237018018	0.0208005634467	0.0257817801029	0.515197670381	0.0022428231335	0.0114655620507	0.0641745411228	0.0418932524635	0.0947965650896	9.81986792643
1950s	Electricity	USA_NM_Albuquerque.Intl.AP.723650_TMY3.epw	G3500010000111	1.0	0.0117096543358	0.0103725948009	0.109344810951	0.0267802250892	0.1901068193	0.0	0.152638523164	0.175527738097	0.00921199389226	0.314307640369	3.75975907824
1950s	Electricity	USA_NM_Albuquerque.Intl.AP.723650_TMY3.epw	G3500010000112	1.0	0.0175253206903	0.118634452303	0.0687025192446	0.0276774712136	0.767460236549	0.0	0.0	0.0	0.0	0.0	0.0894751048039
1950s	Electricity	USA_NM_Albuquerque.Intl.AP.723650_TMY3.epw	G3500010000114	1.0	0.157575203365	0.127865278075	0.0532068496021	0.0612946932906	0.352392834046	0.00541932332872	0.00459432758685	0.00761251946161	0.0242475061436	0.205791465101	8.12688585415
1950s	Electricity	USA_NM_Albuquerque.Intl.AP.723650_TMY3.epw	G3500010000115	1.0	0.0950628893806	0.152141639859	0.0554677526884	0.0319616228374	0.182819170304	0.156686037293	0.0418929867349	0.0675990120747	0.112785158358	0.10358373047	9.96223641029
1950s	Electricity	USA_NM_Albuquerque.Intl.AP.723650_TMY3.epw	G3500010000116	1.0	0.00261773351426	0.0162102008316	0.00396956192885	0.000988740504155	0.590957222838	0.275342498524	0.0661485589296	0.0417816213491	0.0003521300473	0.00163173153243	0.729997073142
1950s	Electricity	USA_NM_Albuquerque.Intl.AP.723650_TMY3.epw	G3500010000117	1.0	0.037531352623	0.0531130871456	0.0777355605231	0.0224620708084	0.8091579289	0.0	0.0	0.0	0.0	0.0	0.416648547977
1950s	Electricity	USA_NM_Albuquerque.Intl.AP.723650_TMY3.epw	G3500010000118	1.0	0.0977525095247	0.0307005330594	0.0237934505601	0.00704291413957	0.769613680606	7.3879192358e-06	0.00798684325987	0.0400553406875	0.0102447980944	0.0128025421492	1.26657836514
1950s	Electricity	USA_NM_Albuquerque.Intl.AP.723650_TMY3.epw	G3500010000119	1.0	0.0138027343859	0.0368941018398	0.0271690962623	0.00716562055476	0.914968446957	0.0	0.0	0.0	0.0	0.0	2.91688674242
1950s	Electricity	USA_NM_Albuquerque.Intl.AP.723650_TMY3.epw	G3500010000120	1.0	0.0388907138408	0.0783029958317	0.130281219845	0.0570292519719	0.589678371501	0.0257554679093	0.0330638655002	0.0324584964759	6.42561961237e-291	0.0145396171243	16.2321125238
1950s	Electricity	USA_NM_Albuquerque.Intl.AP.723650_TMY3.epw	G3500010000121	1.0	0.175527356048	0.169833331602	0.0755139798954	0.0441871138214	0.246655246532	0.00658987146767	0.00123865307112	0.0148068209704	0.0249955271848	0.240652099407	47.9828040451
1950s	Electricity	USA_NM_Albuquerque.Intl.AP.723650_TMY3.epw	G3500010000122	1.0	0.254672916013	0.113238745775	0.0490406582397	0.0664041930052	0.42855556305	0.0191794026682	0.00584971590507	0.00938519976994	0.00421625027794	0.0494573552951	20.2144423498
1950s	Electricity	USA_NM_Albuquerque.Intl.AP.723650_TMY3.epw	G3500010000123	1.0	0.0517982585536	0.237308242845	0.109834548309	0.0737713203406	0.527287629952	0.0	0.0	0.0	0.0	0.0	13.5609149841
1950s	Electricity	USA_NM_Albuquerque.Intl.AP.723650_TMY3.epw	G3500010000124	1.0	0.0169812888854	0.0227461966193	0.223729673242	0.0950098909995	0.516201991214	0.00694251215462	0.00363629254862	0.013664852659	0.0205896526975	0.08049764898	10.2110992251
1950s	Electricity	USA_NM_Albuquerque.Intl.AP.723650_TMY3.epw	G3500010000125	1.0	0.348042787224	0.197244133742	0.117928317609	0.0630707166402	0.273714044785	0.0	0.0	0.0	0.0	0.0	0.254205551842
1950s	Electricity	USA_NM_Albuquerque.Intl.AP.723650_TMY3.epw	G3500010000126	1.0	0.0334575536293	0.123696082161	0.0724494199914	0.0224225926732	0.416673753358	0.0257872246317	0.0660410710769	0.0550614197856	0.0371640087237	0.14724687397	0.646115181786
1950s	Electricity	USA_NM_Albuquerque.Intl.AP.723650_TMY3.epw	G3500010000127	1.0	0.0124105547319	0.156376944278	0.137623537126	0.066214544192	0.459877669909	0.0166459385321	0.00388567073298	0.0122510986385	0.0138172847682	0.120896757091	14.1356778145
1950s	Electricity	USA_NM_Albuquerque.Intl.AP.723650_TMY3.epw	G3500010000128	1.0	0.0945242601596	0.09690134315	0.129724688405	0.0625170405144	0.324657088098	0.124880655721	0.0297211257438	0.0313328219602	0.0360556077475	0.0696853685009	16.2688457246
1950s	Electricity	USA_NM_Albuquerque.Intl.AP.723650_TMY3.epw	G3500010000129	1.0	0.000195352410348	0.163630325367	0.0388949861456	0.00572414500212	0.791555191075	0.0	0.0	0.0	0.0	0.0	0.386711531198
1950s	Electricity	USA_NM_Albuquerque.Intl.AP.723650_TMY3.epw	G3500010000203	1.0	0.0900400262319	0.0165479813392	0.086482362825	0.0372419307917	0.613443407021	0.00875574140608	0.0043251743357	0.00984196776471	0.00897609263226	0.124345315652	5.09773207177
1950s	Electricity	USA_NM_Albuquerque.Intl.AP.723650_TMY3.epw	G3500010000204	1.0	0.0404153233686	0.0391242806027	0.176052250278	0.102923105951	0.592513749324	0.00532803344055	0.00285263563866	4.64925245632e-05	0.00622831035945	0.0345158185121	13.6913109325
1950s	Electricity	USA_NM_Albuquerque.Intl.AP.723650_TMY3.epw	G3500010000205	1.0	0.112179809869	0.120217640632	0.0507867658942	0.0189770491703	0.0359953521903	0.195797594032	0.0208866807367	0.106722264775	0.198252600835	0.140184241865	6.91276861975
1950s	Electricity	USA_NM_Albuquerque.Intl.AP.723650_TMY3.epw	G3500010000206	1.0	0.133140422443	0.284873814015	0.0680020212626	0.0639775884344	0.450006153845	0.0	0.0	0.0	0.0	0.0	18.7490186077
1950s	Electricity	USA_NM_Albuquerque.Intl.AP.723650_TMY3.epw	G3500010000207	1.0	0.097462908774	0.0693844302339	0.0576876719372	0.0201222533959	0.113656559962	0.291387388876	0.0827061310654	0.0471251852356	0.0720408388373	0.148426631682	7.27895128982
1950s	Electricity	USA_NM_Albuquerque.Intl.AP.723650_TMY3.epw	G3500010000208	1.0	0.0877493624346	0.144729533459	0.0782387682046	0.0434801021468	0.185479177916	0.167422759127	0.00671997259346	0.0276538697857	0.0605120353339	0.198014419	26.1935619421
1950s	Electricity	USA_NM_Albuquerque.Intl.AP.723650_TMY3.epw	G3500010000300	1.0	0.0166009632872	0.0396172919307	0.0102787952674	0.00188516684208	0.332508039928	0.0363344502732	0.0566035742706	0.027030429107	0.133564635198	0.345576653895	18.3775082504
1950s	Electricity	USA_NM_Albuquerque.Intl.AP.723650_TMY3.epw	G3500010000401	1.0	0.140745074152	0.0656617409414	0.0343133482709	0.0497009406654	0.455663079218	0.0342302112515	0.00102196498084	0.0219968212267	0.0790230357513	0.117643783542	12.903127132
1950s	Electricity	USA_NM_Albuquerque.Intl.AP.723650_TMY3.epw	G3500010000402	1.0	0.0253605202436	0.0725407203398	0.0950124913719	0.0622716217356	0.551392844461	0.0161841349968	0.0218922049805	0.00610191475214	0.0451639470102	0.104079600108	29.9026820809
1950s	Electricity	USA_NM_Albuquerque.Intl.AP.723650_TMY3.epw	G3500010000501	1.0	0.234017495467	0.0197882088494	0.040026433154	0.0345807444162	0.290262721368	0.0101736828081	0.00212379361035	0.141653471221	0.00496107661856	0.222412372488	4.49468231362
1950s	Electricity	USA_NM_Albuquerque.Intl.AP.723650_TMY3.epw	G3500010000502	1.0	1.49781435259e-318	3.58019854578e-114	3.71220613332e-08	7.87437664642e-09	0.197216014973	0.0312540747586	0.000354910597882	0.0163698962674	0.0500645774982	0.704740480909	5.10635679307
1950s	Electricity	USA_NM_Albuquerque.Intl.AP.723650_TMY3.epw	G3500010000601	1.0	0.0476510996641	0.0926133844393	0.0823129474937	0.032671408828	0.369502209363	0.000168587157021	5.04022985041e-67	0.0132544980011	0.146793480722	0.215032384332	7.5505008609
1950s	Electricity	USA_NM_Albuquerque.Intl.AP.723650_TMY3.epw	G3500010000603	1.0	0.134018439119	0.02190908922	0.110178404127	0.0624635328704	0.16910609729	0.133788363546	0.0828893698634	0.198788098834	0.000467533727759	0.0863910714021	3.61350654337
1950s	Electricity	USA_NM_Albuquerque.Intl.AP.723650_TMY3.epw	G3500010000604	1.0	0.117014693723	0.216690226087	0.230767184758	0.0535699459418	0.164387501769	0.00917036338547	0.0675970374365	0.0229545250356	0.00260500912358	0.11524351274	9.2073196937
1950s	Electricity	USA_NM_Albuquerque.Intl.AP.723650_TMY3.epw	G3500010000704	1.0	0.371659519724	0.000833385183093	0.00255335870983	0.00131014489331	0.518566877556	0.0292981889512	0.0106935792649	0.004709917868	0.00296135260938	0.0574136752408	1.59220889455
1950s	Electricity	USA_NM_Albuquerque.Intl.AP.723650_TMY3.epw	G3500010000707	1.0	0.0263935875733	0.0789557638836	0.190154608237	0.108996850178	0.592715205432	4.50757294842e-05	0.00105711825064	0.00168160153711	1.89177991417e-07	4.94146482996e-262	19.0786530094
1950s	Electricity	USA_NM_Albuquerque.Intl.AP.723650_TMY3.epw	G3500010000708	1.0	0.169200076712	0.0967110389225	0.219602550363	0.0578443635657	0.365603779457	0.0236869870267	0.0220450436036	0.0119452628992	0.0132594707759	0.0201014266744	1.48038400317
1950s	Electricity	USA_NM_Albuquerque.Intl.AP.723650_TMY3.epw	G3500010000710	1.0	0.000639043906718	0.00104512405129	0.000677003845003	0.000405498371459	0.997233329826	0.0	0.0	0.0	0.0	0.0	0.212120108586
1950s	Electricity	USA_NM_Albuquerque.Intl.AP.723650_TMY3.epw	G3500010000711	1.0	0.00589366894866	0.000689086818179	0.00426185046122	0.00698294742651	0.824643313745	0.00464409491547	0.0801877535812	0.029637826506	0.00469220269618	0.0383672549014	0.348991130716
1950s	Electricity	USA_NM_Albuquerque.Intl.AP.723650_TMY3.epw	G3500010000712	1.0	1.0	2.47032822921e-323	3.95252516673e-323	1.97626258336e-323	1.03753785627e-322	0.0	0.0	0.0	0.0	0.0	1.06167873996
1950s	Electricity	USA_NM_Albuquerque.Intl.AP.723650_TMY3.epw	G3500010000713	1.0	0.0111177703113	0.0695551316507	0.0269787117576	0.000384054469162	0.376230683054	0.228835705713	0.0222522715231	0.0642658974979	0.0406831861574	0.159696587867	1.11676430271
1950s	Electricity	USA_NM_Albuquerque.Intl.AP.723650_TMY3.epw	G3500010000714	1.0	0.0659395050551	0.0967256691226	0.0930753052021	0.097017290818	0.647242229802	0.0	0.0	0.0	0.0	0.0	0.0482994173599
1950s	Electricity	USA_NM_Albuquerque.Intl.AP.723650_TMY3.epw	G3500010000901	1.0	0.181692150603	0.172778751931	0.231124246554	0.0514767571017	0.0103804331282	0.10281748883	0.0189061042811	0.106702453635	0.0342982602771	0.0898233536591	6.35244417833
1950s	Electricity	USA_NM_Albuquerque.Intl.AP.723650_TMY3.epw	G3500010000903	1.0	0.110035668383	0.379985787759	0.170780083083	0.0614012413434	0.164469149672	0.00273314912654	0.000157430202555	0.000612341783099	0.00118473330658	0.108640415342	5.78299392026
1950s	Electricity	USA_NM_Albuquerque.Intl.AP.723650_TMY3.epw	G3500010000904	1.0	0.141099655445	0.0921995052466	0.157007740187	0.0592820696841	0.521146677319	0.00028523538598	7.31739792517e-05	0.00053357394254	0.000134634094072	0.0282377347156	13.2720794696
1950s	Electricity	USA_NM_Albuquerque.Intl.AP.723650_TMY3.epw	G3500010001101	1.0	0.0659178057177	0.0100640789069	0.0825932118759	0.0935977533035	0.681142355854	0.000207390259687	0.000121849787503	0.000343266745866	0.000134675324738	0.0658776122247	19.1769383148
1950s	Electricity	USA_NM_Albuquerque.Intl.AP.723650_TMY3.epw	G3500010001102	1.0	0.0	0.0	0.0	0.0	0.0	0.178529570523	0.0236674823547	0.446520231759	0.0420792396711	0.309203475692	0.972537048427
1950s	Electricity	USA_NM_Albuquerque.Intl.AP.723650_TMY3.epw	G3500010001200	1.0	0.144016988162	0.254995747011	0.0930513199275	0.0296660243116	0.312010536745	0.0283395492715	0.0283741215457	0.0117395787664	0.0325917778082	0.065214356451	9.93390063839
1950s	Electricity	USA_NM_Albuquerque.Intl.AP.723650_TMY3.epw	G3500010001300	1.0	0.283190424281	0.0618945059954	0.284721259314	0.0906426228896	0.151443620983	0.0721029426673	0.00796475404131	0.013283231464	0.00529810782055	0.0294585305437	6.41772799761
1950s	Electricity	USA_NM_Albuquerque.Intl.AP.723650_TMY3.epw	G3500010001400	1.0	0.0259681941663	0.100696383899	0.030226338341	0.020978384966	0.383383469006	0.265864426017	0.09740292595	0.0476298883255	0.00420550247411	0.0236444868543	32.7393504364
1950s	Electricity	USA_NM_Albuquerque.Intl.AP.723650_TMY3.epw	G3500010001500	1.0	0.0067445425867	0.0640276201484	0.000142066406519	4.21028871135e-06	0.234375329844	0.0154758458773	0.116617544329	0.011003061792	1.76260374216e-06	0.551608016125	5.20398389436
1950s	Electricity	USA_NM_Albuquerque.Intl.AP.723650_TMY3.epw	G3500010001600	1.0	0.0	0.0	0.0	0.0	0.0	0.0873723382441	0.234305888161	0.0762929460083	0.176600008963	0.425428818624	6.95607798468
1950s	Electricity	USA_NM_Albuquerque.Intl.AP.723650_TMY3.epw	G3500010001700	1.0	0.000848111028025	0.00527310534129	2.84983710916e-07	2.05418168503e-177	0.325331944195	0.00501571523375	0.0250754196128	0.000375881399304	0.139004168534	0.499075369672	10.0642418245
1950s	Electricity	USA_NM_Albuquerque.Intl.AP.723650_TMY3.epw	G3500010001800	1.0	0.0	0.0	0.0	0.0	0.0	0.0395215087559	0.0373752524355	0.060800677268	0.14788974795	0.714412813591	0.635652989265
1950s	Electricity	USA_NM_Albuquerque.Intl.AP.723650_TMY3.epw	G3500010001900	1.0	0.0138311403065	0.0843966336042	0.0108806706143	0.00244287942665	0.831743956081	1.64134947916e-05	0.00020247608481	2.93735583588e-06	0.00113166977374	0.0553512232581	1.44228860632
1950s	Electricity	USA_NM_Albuquerque.Intl.AP.723650_TMY3.epw	G3500010002000	1.0	0.000110333041419	0.00525892750706	0.00235537133371	0.000211730904435	0.0667865782405	0.290128464145	0.0860297654193	0.150217379699	0.0312578025031	0.367643647206	4.99572552938
1950s	Electricity	USA_NM_Albuquerque.Intl.AP.723650_TMY3.epw	G3500010002100	1.0	0.0	0.0	0.0	0.0	0.0	0.19459784877	0.194090692485	0.0464839542117	0.000690085281587	0.564137419252	0.893460354932
1950s	Electricity	USA_NM_Albuquerque.Intl.AP.723650_TMY3.epw	G3500010002200	1.0	0.00476533320104	0.058242761555	0.00172259227072	0.000272838059032	0.29960786764	0.00885034086041	0.023960592183	0.0106150457391	0.121724762592	0.470237865899	12.4614027842
1950s	Electricity	USA_NM_Albuquerque.Intl.AP.723650_TMY3.epw	G3500010002300	1.0	0.181366992969	0.191489231789	0.181670444343	0.0909403520379	0.282869343829	0.0306259997946	0.0343457734278	0.000430562158463	4.94065645841e-324	0.00626129965062	10.662923645
1950s	Electricity	USA_NM_Albuquerque.Intl.AP.723650_TMY3.epw	G3500010002401	1.0	0.00355752345715	0.00125567552565	0.0134218491395	2.86268308252e-05	0.211391258441	0.119286113605	0.103107517242	0.0996727571106	0.103433962153	0.344844716495	13.0286148747
1950s	Electricity	USA_NM_Albuquerque.Intl.AP.723650_TMY3.epw	G3500010002402	1.0	0.136604964378	0.115383275636	0.0844585312126	0.00146017532572	0.55295168746	0.0372172058019	0.0402731640495	0.0316509961366	0.0	0.0	16.1125156908
1950s	Electricity	USA_NM_Albuquerque.Intl.AP.723650_TMY3.epw	G3500010002500	1.0	0.0191159317977	0.0351413369473	0.00124614365943	0.00121073970114	0.526147356957	5.23060320588e-258	0.417138490938	4.58630797927e-259	1.20143058493e-258	1.53806131563e-257	2.58108875576
1950s	Electricity	USA_NM_Albuquerque.Intl.AP.723650_TMY3.epw	G3500010002600	1.0	0.100019647624	0.185390964432	0.0258448959121	0.00312691004653	0.493673224459	1.71867079012e-05	0.103290165003	3.45679631214e-06	0.00310115137865	0.0855323976395	3.47686699783
1950s	Electricity	USA_NM_Albuquerque.Intl.AP.723650_TMY3.epw	G3500010002700	1.0	0.0036033464903	0.0443748370814	0.00379423606417	0.00122244985532	0.194478368316	0.0351640115087	0.0811107133135	0.0164725157133	0.134270205738	0.48550931592	19.6740336986
1950s	Electricity	USA_NM_Albuquerque.Intl.AP.723650_TMY3.epw	G3500010002900	1.0	9.07722852847e-05	0.00040932760749	4.98573300961e-05	6.65258913466e-05	0.406772903065	0.370168465769	0.066372422226	0.026998047908	0.0279951401433	0.101076537774	4.10440354709
1950s	Electricity	USA_NM_Albuquerque.Intl.AP.723650_TMY3.epw	G3500010003001	1.0	0.00238738625352	0.00140543137905	0.0202833764779	5.85296422488e-05	0.516926431905	0.143329312731	0.10371829672	0.0378830204004	0.00569941804959	0.168308796441	9.5380597254
1950s	Electricity	USA_NM_Albuquerque.Intl.AP.723650_TMY3.epw	G3500010003002	1.0	0.027662020386	0.0281849376427	0.0183180181841	0.00207496628182	0.446188004889	0.0543167394234	0.137697899296	0.0389158562128	0.0168960077507	0.229745549933	12.0287022282
1950s	Electricity	USA_NM_Albuquerque.Intl.AP.723650_TMY3.epw	G3500010003100	1.0	0.00163328594667	0.00234384289955	0.0274583267948	0.000137802061944	0.50501080503	5.50080764135e-05	4.14200841636e-07	3.71249338066e-06	0.0408957364651	0.422461066031	2.09195600747
1950s	Electricity	USA_NM_Albuquerque.Intl.AP.723650_TMY3.epw	G3500010003201	1.0	0.127116976914	0.128917068323	0.0477316717771	0.0127245305891	0.594029013896	0.000110557370027	0.0702743046467	5.96338967987e-05	0.00567037346305	0.0133658691237	9.61609626268
1950s	Electricity	USA_NM_Albuquerque.Intl.AP.723650_TMY3.epw	G3500010003400	1.0	2.37264464142e-05	0.00123308112375	0.000299673299276	3.37890022506e-06	0.0332232404819	0.20381800188	0.369614965322	0.291660410179	0.0180535464396	0.0820699759282	4.77960869332
1950s	Electricity	USA_NM_Albuquerque.Intl.AP.723650_TMY3.epw	G3500010003501	1.0	0.00802977420952	0.0139494408679	0.00590681640331	0.000679599749832	0.484406506094	0.117893404449	0.10234141346	0.0817026916409	0.00269062204406	0.182399731081	16.7550510206
1950s	Electricity	USA_NM_Albuquerque.Intl.AP.723650_TMY3.epw	G3500010003502	1.0	0.0222807457482	0.0313475159483	0.0160744449058	0.00123237896603	0.652458877157	0.0293449126443	0.112234365068	0.0277218842866	0.000555811380659	0.106749063895	17.2974658322
1950s	Electricity	USA_NM_Albuquerque.Intl.AP.723650_TMY3.epw	G3500010003600	1.0	0.000211018724214	0.0140987595329	0.00797769810402	0.000238582718326	0.336611614197	0.0798502398059	0.236939114302	0.102161282743	0.0207538075907	0.201157882282	11.6757991529
1950s	Electricity	USA_NM_Albuquerque.Intl.AP.723650_TMY3.epw	G3500010003707	1.0	0.205153921374	0.00825578876815	0.0684322399184	0.0344840859346	0.276594639798	0.407079324207	0.0	0.0	0.0	0.0	0.0328303678501
1950s	Electricity	USA_NM_Albuquerque.Intl.AP.723650_TMY3.epw	G3500010003712	1.0	0.00813525712915	0.0073184643482	0.165363097532	0.343194143011	0.47598903798	0.0	0.0	0.0	0.0	0.0	0.00222341690612
1950s	Electricity	USA_NM_Albuquerque.Intl.AP.723650_TMY3.epw	G3500010003714	1.0	0.199418044086	0.0342726194018	0.383366175049	0.0644466961233	0.31849646534	0.0	0.0	0.0	0.0	0.0	0.00124737527504
1950s	Electricity	USA_NM_Albuquerque.Intl.AP.723650_TMY3.epw	G3500010003715	1.0	0.0880451146139	0.00286404002848	0.154183825508	0.364456221298	0.390450798552	0.0	0.0	0.0	0.0	0.0	0.00101034965886
1950s	Electricity	USA_NM_Albuquerque.Intl.AP.723650_TMY3.epw	G3500010003717	1.0	0.0271934498116	0.0187129797545	0.18932573837	0.179265017068	0.585502814996	0.0	0.0	0.0	0.0	0.0	0.00388465319696
1950s	Electricity	USA_NM_Albuquerque.Intl.AP.723650_TMY3.epw	G3500010003718	1.0	0.136526894973	0.0490144862886	0.10390707834	0.186257119315	0.524294421084	0.0	0.0	0.0	0.0	0.0	0.00199472806367
1950s	Electricity	USA_NM_Albuquerque.Intl.AP.723650_TMY3.epw	G3500010003719	1.0	0.0388337539999	5.78003666207e-05	0.00745907398263	0.0143477232171	0.0214049661684	0.0102187295755	0.0105416460778	0.0319244907763	0.23370599062	0.631505825216	0.201774312858
1950s	Electricity	USA_NM_Albuquerque.Intl.AP.723650_TMY3.epw	G3500010003721	1.0	0.41380230553	0.00860207641329	0.102794265511	0.11545079699	0.359350555555	0.0	0.0	0.0	0.0	0.0	0.00484227753856
1950s	Electricity	USA_NM_Albuquerque.Intl.AP.723650_TMY3.epw	G3500010003723	1.0	0.639705939171	0.0114683340441	0.0260033680429	0.0153436514114	0.307478707331	0.0	0.0	0.0	0.0	0.0	0.00346361786027
1950s	Electricity	USA_NM_Albuquerque.Intl.AP.723650_TMY3.epw	G3500010003724	1.0	0.143511076715	0.0267057412813	0.162333933342	0.0831005352465	0.584348713416	0.0	0.0	0.0	0.0	0.0	0.00222433206235
1950s	Electricity	USA_NM_Albuquerque.Intl.AP.723650_TMY3.epw	G3500010003728	1.0	0.297504324634	0.00209633427728	0.0526146318006	0.0705281655805	0.0663944880892	0.357253597536	0.153608458082	1.04247851273e-321	6.96632560636e-322	3.81912744235e-321	0.0142268105566
1950s	Electricity	USA_NM_Albuquerque.Intl.AP.723650_TMY3.epw	G3500010003729	1.0	0.0135822048681	0.132717929919	0.322420757253	0.233723820134	0.297555287826	0.0	0.0	0.0	0.0	0.0	0.00127424877278
1950s	Electricity	USA_NM_Albuquerque.Intl.AP.723650_TMY3.epw	G3500010003731	1.0	3.53163311362e-06	2.79478233864e-06	0.000203099266636	0.00027830404306	0.0007796591197	0.998732567619	0.0	0.0	0.0	4.35360034467e-08	0.992058098092
1950s	Electricity	USA_NM_Albuquerque.Intl.AP.723650_TMY3.epw	G3500010003732	1.0	0.0591143491598	0.0475236305294	0.238176950064	0.254090087014	0.401094983232	0.0	0.0	0.0	0.0	0.0	0.00206790019622
1950s	Electricity	USA_NM_Albuquerque.Intl.AP.723650_TMY3.epw	G3500010003735	1.0	9.15015429319e-06	0.00191223884604	0.00280810495313	0.000171519040827	0.509700579248	0.0672786712689	0.0924622986971	0.0287256979647	0.0204486646158	0.276483075212	3.41946326943
1950s	Electricity	USA_NM_Albuquerque.Intl.AP.723650_TMY3.epw	G3500010003736	1.0	0.0014328792637	0.0018496665037	0.0507390911149	0.0490931640637	0.00852944937716	0.0	0.0	0.0461944989831	0.456685923794	0.3854753269	0.00176834482547
1950s	Electricity	USA_NM_Albuquerque.Intl.AP.723650_TMY3.epw	G3500010003737	1.0	0.503721841573	0.0124745412218	0.155919163838	0.1167198811	0.211164572267	0.0	0.0	0.0	0.0	0.0	0.00259895461678
1950s	Electricity	USA_NM_Albuquerque.Intl.AP.723650_TMY3.epw	G3500010003738	1.0	0.0755756366678	0.00311765506961	0.0362006001312	0.00312644244616	0.0278326471067	0.0985116225247	0.00683317614863	0.748802219905	0.0	2.9940378138e-321	0.00495159034672
1950s	Electricity	USA_NM_Albuquerque.Intl.AP.723650_TMY3.epw	G3500010003803	1.0	0.956890736298	0.00242644317098	0.0180620744796	0.00370588665765	0.0189148593933	0.0	0.0	0.0	0.0	0.0	0.299521455806
1950s	Electricity	USA_NM_Albuquerque.Intl.AP.723650_TMY3.epw	G3500010003804	1.0	0.182920454445	2.99284389337e-05	0.00234698884956	0.0273541284983	0.0451179563536	0.0570938460417	0.047313332826	0.150819444205	0.0956473025826	0.391356617759	3.02964885574
1950s	Electricity	USA_NM_Albuquerque.Intl.AP.723650_TMY3.epw	G3500010003805	1.0	0.134870544919	0.0345553107801	0.0807092766685	0.00711875421091	0.102858145943	0.00576058651643	0.144172114614	0.0312628181828	0.196229929234	0.262462518931	1.9764768095
1950s	Electricity	USA_NM_Albuquerque.Intl.AP.723650_TMY3.epw	G3500010003806	1.0	0.0822873007759	0.00151366776445	0.028389579933	0.331079322908	0.556730128619	0.0	0.0	0.0	0.0	0.0	0.300505704638
1950s	Electricity	USA_NM_Albuquerque.Intl.AP.723650_TMY3.epw	G3500010003807	1.0	0.444172991941	0.000104958716911	0.00183573529605	0.0124554064995	0.0228426424576	0.0648054537772	0.0	0.011960399975	0.196323696456	0.245498714882	2.25743453888
1950s	Electricity	USA_NM_Albuquerque.Intl.AP.723650_TMY3.epw	G3500010004001	1.0	0.0750162542307	0.12731323342	0.41288742668	0.12132230663	0.00162541735268	0.154759118351	1.6772873293e-05	0.0472818144975	0.0286752172139	0.0311024387494	3.38328791103
1950s	Electricity	USA_NM_Albuquerque.Intl.AP.723650_TMY3.epw	G3500010004300	1.0	0.123247233927	0.136856389484	0.18404744939	0.126872066433	0.40739228767	0.0	0.0	0.0127224782193	0.00751699721801	0.001345097658	19.1248434563
1950s	Electricity	USA_NM_Albuquerque.Intl.AP.723650_TMY3.epw	G3500010004401	1.0	0.298139844591	0.0451872827773	0.0840123168965	0.074029316797	0.498631238938	0.0	0.0	0.0	0.0	0.0	3.86333349192
1950s	Electricity	USA_NM_Albuquerque.Intl.AP.723650_TMY3.epw	G3500010004402	1.0	0.190772914281	0.0761064432233	0.0967146666801	0.0944101658488	0.441575609373	0.0313399873418	0.0	0.0138090374181	0.0438206787633	0.0114504970702	7.17967736447
1950s	Electricity	USA_NM_Albuquerque.Intl.AP.723650_TMY3.epw	G3500010004501	1.0	0.154577039014	0.0878127786816	0.0751225252457	0.025719412464	0.187478146671	0.0495835507448	0.0321405244819	0.214484670113	0.0335219334447	0.139559419139	7.30598495199
