Dependency=Vintage	Dependency=Size	Dependency=Foundation Type	1	2	3+
1950s	0-1499	Crawl	0.90	0.10	0.00
1950s	1500-2499	Crawl	0.64	0.35	0.01
1950s	2500-3499	Crawl	0.40	0.55	0.05
1950s	3500-4499	Crawl	0.45	0.51	0.03
1950s	4500+	Crawl	0.00	1.00	0.00
1960s	0-1499	Crawl	0.89	0.10	0.01
1960s	1500-2499	Crawl	0.75	0.24	0.01
1960s	2500-3499	Crawl	0.57	0.41	0.02
1960s	3500-4499	Crawl	0.42	0.54	0.03
1960s	4500+	Crawl	0.00	0.91	0.09
1970s	0-1499	Crawl	0.91	0.08	0.01
1970s	1500-2499	Crawl	0.71	0.27	0.02
1970s	2500-3499	Crawl	0.47	0.49	0.03
1970s	3500-4499	Crawl	0.40	0.58	0.02
1970s	4500+	Crawl	0.00	0.94	0.06
1980s	0-1499	Crawl	0.83	0.16	0.01
1980s	1500-2499	Crawl	0.64	0.35	0.01
1980s	2500-3499	Crawl	0.43	0.52	0.05
1980s	3500-4499	Crawl	0.23	0.76	0.01
1980s	4500+	Crawl	0.00	0.93	0.07
1990s	0-1499	Crawl	0.85	0.15	0.00
1990s	1500-2499	Crawl	0.66	0.34	0.01
1990s	2500-3499	Crawl	0.27	0.71	0.02
1990s	3500-4499	Crawl	0.19	0.79	0.02
1990s	4500+	Crawl	0.00	0.97	0.03
2000s	0-1499	Crawl	0.84	0.16	0.00
2000s	1500-2499	Crawl	0.65	0.35	0.00
2000s	2500-3499	Crawl	0.32	0.68	0.01
2000s	3500-4499	Crawl	0.28	0.70	0.02
2000s	4500+	Crawl	0.00	0.96	0.04
pre-1950	0-1499	Crawl	0.69	0.31	0.00
pre-1950	1500-2499	Crawl	0.31	0.68	0.02
pre-1950	2500-3499	Crawl	0.11	0.82	0.07
pre-1950	3500-4499	Crawl	0.12	0.81	0.07
pre-1950	4500+	Crawl	0.00	0.84	0.16
1950s	0-1499	Heated Basement	0.90	0.10	0.00
1950s	1500-2499	Heated Basement	0.64	0.35	0.01
1950s	2500-3499	Heated Basement	0.40	0.55	0.05
1950s	3500-4499	Heated Basement	0.45	0.51	0.03
1950s	4500+	Heated Basement	0.46	0.54	0.00
1960s	0-1499	Heated Basement	0.89	0.10	0.01
1960s	1500-2499	Heated Basement	0.75	0.24	0.01
1960s	2500-3499	Heated Basement	0.57	0.41	0.02
1960s	3500-4499	Heated Basement	0.42	0.54	0.03
1960s	4500+	Heated Basement	0.22	0.69	0.09
1970s	0-1499	Heated Basement	0.91	0.08	0.01
1970s	1500-2499	Heated Basement	0.71	0.27	0.02
1970s	2500-3499	Heated Basement	0.47	0.49	0.03
1970s	3500-4499	Heated Basement	0.40	0.58	0.02
1970s	4500+	Heated Basement	0.17	0.77	0.06
1980s	0-1499	Heated Basement	0.83	0.16	0.01
1980s	1500-2499	Heated Basement	0.64	0.35	0.01
1980s	2500-3499	Heated Basement	0.43	0.52	0.05
1980s	3500-4499	Heated Basement	0.23	0.76	0.01
1980s	4500+	Heated Basement	0.11	0.82	0.07
1990s	0-1499	Heated Basement	0.85	0.15	0.00
1990s	1500-2499	Heated Basement	0.66	0.34	0.01
1990s	2500-3499	Heated Basement	0.27	0.71	0.02
1990s	3500-4499	Heated Basement	0.19	0.79	0.02
1990s	4500+	Heated Basement	0.13	0.84	0.03
2000s	0-1499	Heated Basement	0.84	0.16	0.00
2000s	1500-2499	Heated Basement	0.65	0.35	0.00
2000s	2500-3499	Heated Basement	0.32	0.68	0.01
2000s	3500-4499	Heated Basement	0.28	0.70	0.02
2000s	4500+	Heated Basement	0.16	0.81	0.04
pre-1950	0-1499	Heated Basement	0.69	0.31	0.00
pre-1950	1500-2499	Heated Basement	0.31	0.68	0.02
pre-1950	2500-3499	Heated Basement	0.11	0.82	0.07
pre-1950	3500-4499	Heated Basement	0.12	0.81	0.07
pre-1950	4500+	Heated Basement	0.07	0.77	0.16
1950s	0-1499	None	0.90	0.10	0.00
1950s	1500-2499	None	0.64	0.35	0.01
1950s	2500-3499	None	0.40	0.55	0.05
1950s	3500-4499	None	0.45	0.51	0.03
1950s	4500+	None	0.00	1.00	0.00
1960s	0-1499	None	0.89	0.10	0.01
1960s	1500-2499	None	0.75	0.24	0.01
1960s	2500-3499	None	0.57	0.41	0.02
1960s	3500-4499	None	0.42	0.54	0.03
1960s	4500+	None	0.00	0.91	0.09
1970s	0-1499	None	0.91	0.08	0.01
1970s	1500-2499	None	0.71	0.27	0.02
1970s	2500-3499	None	0.47	0.49	0.03
1970s	3500-4499	None	0.40	0.58	0.02
1970s	4500+	None	0.00	0.94	0.06
1980s	0-1499	None	0.83	0.16	0.01
1980s	1500-2499	None	0.64	0.35	0.01
1980s	2500-3499	None	0.43	0.52	0.05
1980s	3500-4499	None	0.23	0.76	0.01
1980s	4500+	None	0.00	0.93	0.07
1990s	0-1499	None	0.85	0.15	0.00
1990s	1500-2499	None	0.66	0.34	0.01
1990s	2500-3499	None	0.27	0.71	0.02
1990s	3500-4499	None	0.19	0.79	0.02
1990s	4500+	None	0.00	0.97	0.03
2000s	0-1499	None	0.84	0.16	0.00
2000s	1500-2499	None	0.65	0.35	0.00
2000s	2500-3499	None	0.32	0.68	0.01
2000s	3500-4499	None	0.28	0.70	0.02
2000s	4500+	None	0.00	0.96	0.04
pre-1950	0-1499	None	0.69	0.31	0.00
pre-1950	1500-2499	None	0.31	0.68	0.02
pre-1950	2500-3499	None	0.11	0.82	0.07
pre-1950	3500-4499	None	0.12	0.81	0.07
pre-1950	4500+	None	0.00	0.84	0.16
1950s	0-1499	Slab	0.90	0.10	0.00
1950s	1500-2499	Slab	0.64	0.35	0.01
1950s	2500-3499	Slab	0.40	0.55	0.05
1950s	3500-4499	Slab	0.45	0.51	0.03
1950s	4500+	Slab	0.00	1.00	0.00
1960s	0-1499	Slab	0.89	0.10	0.01
1960s	1500-2499	Slab	0.75	0.24	0.01
1960s	2500-3499	Slab	0.57	0.41	0.02
1960s	3500-4499	Slab	0.42	0.54	0.03
1960s	4500+	Slab	0.00	0.91	0.09
1970s	0-1499	Slab	0.91	0.08	0.01
1970s	1500-2499	Slab	0.71	0.27	0.02
1970s	2500-3499	Slab	0.47	0.49	0.03
1970s	3500-4499	Slab	0.40	0.58	0.02
1970s	4500+	Slab	0.00	0.94	0.06
1980s	0-1499	Slab	0.83	0.16	0.01
1980s	1500-2499	Slab	0.64	0.35	0.01
1980s	2500-3499	Slab	0.43	0.52	0.05
1980s	3500-4499	Slab	0.23	0.76	0.01
1980s	4500+	Slab	0.00	0.93	0.07
1990s	0-1499	Slab	0.85	0.15	0.00
1990s	1500-2499	Slab	0.66	0.34	0.01
1990s	2500-3499	Slab	0.27	0.71	0.02
1990s	3500-4499	Slab	0.19	0.79	0.02
1990s	4500+	Slab	0.00	0.97	0.03
2000s	0-1499	Slab	0.84	0.16	0.00
2000s	1500-2499	Slab	0.65	0.35	0.00
2000s	2500-3499	Slab	0.32	0.68	0.01
2000s	3500-4499	Slab	0.28	0.70	0.02
2000s	4500+	Slab	0.00	0.96	0.04
pre-1950	0-1499	Slab	0.69	0.31	0.00
pre-1950	1500-2499	Slab	0.31	0.68	0.02
pre-1950	2500-3499	Slab	0.11	0.82	0.07
pre-1950	3500-4499	Slab	0.12	0.81	0.07
pre-1950	4500+	Slab	0.00	0.84	0.16
1950s	0-1499	Unheated Basement	0.90	0.10	0.00
1950s	1500-2499	Unheated Basement	0.64	0.35	0.01
1950s	2500-3499	Unheated Basement	0.40	0.55	0.05
1950s	3500-4499	Unheated Basement	0.45	0.51	0.03
1950s	4500+	Unheated Basement	0.00	1.00	0.00
1960s	0-1499	Unheated Basement	0.89	0.10	0.01
1960s	1500-2499	Unheated Basement	0.75	0.24	0.01
1960s	2500-3499	Unheated Basement	0.57	0.41	0.02
1960s	3500-4499	Unheated Basement	0.42	0.54	0.03
1960s	4500+	Unheated Basement	0.00	0.91	0.09
1970s	0-1499	Unheated Basement	0.91	0.08	0.01
1970s	1500-2499	Unheated Basement	0.71	0.27	0.02
1970s	2500-3499	Unheated Basement	0.47	0.49	0.03
1970s	3500-4499	Unheated Basement	0.40	0.58	0.02
1970s	4500+	Unheated Basement	0.00	0.94	0.06
1980s	0-1499	Unheated Basement	0.83	0.16	0.01
1980s	1500-2499	Unheated Basement	0.64	0.35	0.01
1980s	2500-3499	Unheated Basement	0.43	0.52	0.05
1980s	3500-4499	Unheated Basement	0.23	0.76	0.01
1980s	4500+	Unheated Basement	0.00	0.93	0.07
1990s	0-1499	Unheated Basement	0.85	0.15	0.00
1990s	1500-2499	Unheated Basement	0.66	0.34	0.01
1990s	2500-3499	Unheated Basement	0.27	0.71	0.02
1990s	3500-4499	Unheated Basement	0.19	0.79	0.02
1990s	4500+	Unheated Basement	0.00	0.97	0.03
2000s	0-1499	Unheated Basement	0.84	0.16	0.00
2000s	1500-2499	Unheated Basement	0.65	0.35	0.00
2000s	2500-3499	Unheated Basement	0.32	0.68	0.01
2000s	3500-4499	Unheated Basement	0.28	0.70	0.02
2000s	4500+	Unheated Basement	0.00	0.96	0.04
pre-1950	0-1499	Unheated Basement	0.69	0.31	0.00
pre-1950	1500-2499	Unheated Basement	0.31	0.68	0.02
pre-1950	2500-3499	Unheated Basement	0.11	0.82	0.07
pre-1950	3500-4499	Unheated Basement	0.12	0.81	0.07
pre-1950	4500+	Unheated Basement	0.00	0.84	0.16
