Dependency=Geometry Building Type FPL	Dependency=Vintage FPL	Dependency=Location EPW	Option=0-1499	Option=1500-2499	Option=2500-3499	Option=3500+	Counts
Single-Family Detached	1940-59s	USA_AL_Birmingham.Muni.AP.722280_TMY3.epw	0.400268314	0.28430707	0.245229607	0.070195008	80944.51934
Single-Family Detached	1960-79s	USA_AL_Birmingham.Muni.AP.722280_TMY3.epw	0.284659352	0.427584873	0.152326044	0.135429731	129716.7477
Single-Family Detached	1980-99s	USA_AL_Birmingham.Muni.AP.722280_TMY3.epw	0.120996803	0.454268308	0.194785746	0.229949143	113563.7608
Single-Family Detached	2000-09s	USA_AL_Birmingham.Muni.AP.722280_TMY3.epw	0.16993681	0.468056145	0.193416131	0.168590914	73873.38632
Single-Family Detached	<1940	USA_AL_Birmingham.Muni.AP.722280_TMY3.epw	0.309425154	0.36141634	0.182237618	0.146920888	33656.78305
Single-Family Detached	2010s	USA_AL_Birmingham.Muni.AP.722280_TMY3.epw	0.165918106	0.456747566	0.203701629	0.173632699	8182.140837
Single-Family Detached	1940-59s	USA_AL_Huntsville.Intl.AP-Jones.Field.723230_TMY3.epw	0.493013949	0.377211063	0.089666407	0.040108581	51390.50245
Single-Family Detached	1960-79s	USA_AL_Huntsville.Intl.AP-Jones.Field.723230_TMY3.epw	0.341039186	0.470077447	0.126105794	0.062777574	117810.1372
Single-Family Detached	1980-99s	USA_AL_Huntsville.Intl.AP-Jones.Field.723230_TMY3.epw	0.244263681	0.471899656	0.187136737	0.096699926	107947.2026
Single-Family Detached	2000-09s	USA_AL_Huntsville.Intl.AP-Jones.Field.723230_TMY3.epw	0.14716657	0.463658926	0.239114602	0.150059902	58428.45131
Single-Family Detached	<1940	USA_AL_Huntsville.Intl.AP-Jones.Field.723230_TMY3.epw	0.382772089	0.437447051	0.110066612	0.069714247	20674.96962
Single-Family Detached	2010s	USA_AL_Huntsville.Intl.AP-Jones.Field.723230_TMY3.epw	0.152890339	0.362660014	0.299418586	0.18503106	9251.347837
Single-Family Detached	1940-59s	USA_AL_Mobile-Rgnl.AP.722230_TMY3.epw	0.42828463	0.304579833	0.158273647	0.10886189	66608.04148
Single-Family Detached	1960-79s	USA_AL_Mobile-Rgnl.AP.722230_TMY3.epw	0.313655676	0.396420179	0.172771446	0.117152699	142511.612
Single-Family Detached	1980-99s	USA_AL_Mobile-Rgnl.AP.722230_TMY3.epw	0.204985136	0.347901743	0.280107734	0.167005387	148523.7974
Single-Family Detached	2000-09s	USA_AL_Mobile-Rgnl.AP.722230_TMY3.epw	0.203780071	0.38697613	0.232561786	0.176682012	92992.87577
Single-Family Detached	<1940	USA_AL_Mobile-Rgnl.AP.722230_TMY3.epw	0.315844079	0.339871483	0.182810224	0.161474214	18100.31967
Single-Family Detached	2010s	USA_AL_Mobile-Rgnl.AP.722230_TMY3.epw	0.176974967	0.405416769	0.238813962	0.178794301	10622.73933
Single-Family Detached	1940-59s	USA_AL_Montgomery-Dannelly.Field.722260_TMY3.epw	0.421471831	0.319084601	0.145212461	0.114231107	36454.36803
Single-Family Detached	1960-79s	USA_AL_Montgomery-Dannelly.Field.722260_TMY3.epw	0.308741699	0.364991199	0.216389751	0.109877351	81515.95496
Single-Family Detached	1980-99s	USA_AL_Montgomery-Dannelly.Field.722260_TMY3.epw	0.225113051	0.369402951	0.17033663	0.235147368	69193.50415
Single-Family Detached	2000-09s	USA_AL_Montgomery-Dannelly.Field.722260_TMY3.epw	0.191835199	0.387801627	0.222286091	0.198077082	39184.78315
Single-Family Detached	<1940	USA_AL_Montgomery-Dannelly.Field.722260_TMY3.epw	0.332717711	0.374773433	0.159422293	0.133086562	16417.65743
Single-Family Detached	2010s	USA_AL_Montgomery-Dannelly.Field.722260_TMY3.epw	0.204350138	0.305876854	0.272545544	0.217227464	5797.730642
Single-Family Detached	1940-59s	USA_AR_Fort.Smith.Rgnl.AP.723440_TMY3.epw	0.536346831	0.340490575	0.068105276	0.055057318	28802.85436
Single-Family Detached	1960-79s	USA_AR_Fort.Smith.Rgnl.AP.723440_TMY3.epw	0.373674462	0.451050771	0.119567092	0.055707676	67804.79477
Single-Family Detached	1980-99s	USA_AR_Fort.Smith.Rgnl.AP.723440_TMY3.epw	0.238086359	0.485504717	0.199011256	0.077397667	67397.94071
Single-Family Detached	2000-09s	USA_AR_Fort.Smith.Rgnl.AP.723440_TMY3.epw	0.175095335	0.484046265	0.203137905	0.137720495	35155.17966
Single-Family Detached	<1940	USA_AR_Fort.Smith.Rgnl.AP.723440_TMY3.epw	0.510574273	0.334928516	0.107670395	0.046826816	15248.02019
Single-Family Detached	2010s	USA_AR_Fort.Smith.Rgnl.AP.723440_TMY3.epw	0.152544304	0.412299341	0.259910302	0.175246052	5051.140041
Single-Family Detached	1940-59s	USA_AR_Little.Rock-Adams.Field.723403_TMY3.epw	0.459430176	0.304319879	0.114579594	0.121670351	56468.62571
Single-Family Detached	1960-79s	USA_AR_Little.Rock-Adams.Field.723403_TMY3.epw	0.302586868	0.491395208	0.120928658	0.085089266	130701.5674
Single-Family Detached	1980-99s	USA_AR_Little.Rock-Adams.Field.723403_TMY3.epw	0.220495835	0.3235028	0.258886482	0.197114883	107372.924
Single-Family Detached	2000-09s	USA_AR_Little.Rock-Adams.Field.723403_TMY3.epw	0.34194906	0.30773337	0.230594948	0.119722622	62145.58512
Single-Family Detached	<1940	USA_AR_Little.Rock-Adams.Field.723403_TMY3.epw	0.409744575	0.313414403	0.157091249	0.119749773	21923.92313
Single-Family Detached	2010s	USA_AR_Little.Rock-Adams.Field.723403_TMY3.epw	0.213460889	0.28721974	0.269706001	0.229613369	8973.212524
Single-Family Detached	1940-59s	USA_AZ_Flagstaff-Pulliam.AP.723755_TMY3.epw	0.52724131	0.334541604	0.088812391	0.049404695	5898.185619
Single-Family Detached	1960-79s	USA_AZ_Flagstaff-Pulliam.AP.723755_TMY3.epw	0.387170378	0.414028157	0.14975638	0.049045086	19602.16098
Single-Family Detached	1980-99s	USA_AZ_Flagstaff-Pulliam.AP.723755_TMY3.epw	0.315870833	0.424405908	0.167727887	0.091995372	25043.82019
Single-Family Detached	2000-09s	USA_AZ_Flagstaff-Pulliam.AP.723755_TMY3.epw	0.149857007	0.451174385	0.245407341	0.153561267	12581.66134
Single-Family Detached	<1940	USA_AZ_Flagstaff-Pulliam.AP.723755_TMY3.epw	0.456759975	0.370335905	0.092928571	0.079975549	2432.815576
Single-Family Detached	2010s	USA_AZ_Flagstaff-Pulliam.AP.723755_TMY3.epw	0.130636462	0.415343888	0.21274717	0.241272479	730.2175773
Single-Family Detached	1940-59s	USA_AZ_Phoenix-Sky.Harbor.Intl.AP.722780_TMY3.epw	0.554301904	0.243610493	0.116645949	0.085441653	88822.31584
Single-Family Detached	1960-79s	USA_AZ_Phoenix-Sky.Harbor.Intl.AP.722780_TMY3.epw	0.341488585	0.446931616	0.159298768	0.052281032	230514.823
Single-Family Detached	1980-99s	USA_AZ_Phoenix-Sky.Harbor.Intl.AP.722780_TMY3.epw	0.168282605	0.596034045	0.167226005	0.068457345	378520.0479
Single-Family Detached	2000-09s	USA_AZ_Phoenix-Sky.Harbor.Intl.AP.722780_TMY3.epw	0.148075756	0.398618698	0.245470542	0.207835004	330933.6113
Single-Family Detached	<1940	USA_AZ_Phoenix-Sky.Harbor.Intl.AP.722780_TMY3.epw	0.294752626	0.270175976	0.218781122	0.216290276	12526.69582
Single-Family Detached	2010s	USA_AZ_Phoenix-Sky.Harbor.Intl.AP.722780_TMY3.epw	0.097410413	0.564693084	0.240356041	0.097540462	20069.87945
Single-Family Detached	1940-59s	USA_AZ_Prescott-Love.Field.723723_TMY3.epw	0.551739088	0.329795299	0.076579865	0.041885748	4020.887697
Single-Family Detached	1960-79s	USA_AZ_Prescott-Love.Field.723723_TMY3.epw	0.345588662	0.45603405	0.152464398	0.04591289	15516.35558
Single-Family Detached	1980-99s	USA_AZ_Prescott-Love.Field.723723_TMY3.epw	0.225043831	0.504415722	0.188171252	0.082369195	35535.39892
Single-Family Detached	2000-09s	USA_AZ_Prescott-Love.Field.723723_TMY3.epw	0.180941282	0.433559807	0.230872017	0.154626894	23067.94156
Single-Family Detached	<1940	USA_AZ_Prescott-Love.Field.723723_TMY3.epw	0.48756663	0.352316402	0.087288773	0.072828196	2462.662709
Single-Family Detached	2010s	USA_AZ_Prescott-Love.Field.723723_TMY3.epw	0.183798678	0.428262742	0.231215483	0.156723097	1277.676546
Single-Family Detached	1940-59s	USA_AZ_Tucson.Intl.AP.722740_TMY3.epw	0.379096714	0.389134189	0.120177866	0.111591231	42538.63405
Single-Family Detached	1960-79s	USA_AZ_Tucson.Intl.AP.722740_TMY3.epw	0.264043186	0.440584427	0.2161836	0.079188787	73627.74295
Single-Family Detached	1980-99s	USA_AZ_Tucson.Intl.AP.722740_TMY3.epw	0.28090411	0.428467705	0.174958057	0.115670128	89950.6821
Single-Family Detached	2000-09s	USA_AZ_Tucson.Intl.AP.722740_TMY3.epw	0.18077869	0.474834466	0.229821244	0.1145656	70949.31346
Single-Family Detached	<1940	USA_AZ_Tucson.Intl.AP.722740_TMY3.epw	0.360869175	0.274578726	0.184419686	0.180132413	9547.609832
Single-Family Detached	2010s	USA_AZ_Tucson.Intl.AP.722740_TMY3.epw	0.226514196	0.289270124	0.236940466	0.247275214	5202.362913
Single-Family Detached	1940-59s	USA_CA_Arcata.AP.725945_TMY3.epw	0.531798176	0.331958271	0.083004253	0.0532393	22749.4445
Single-Family Detached	1960-79s	USA_CA_Arcata.AP.725945_TMY3.epw	0.367181868	0.417426849	0.16076287	0.054628414	27837.16004
Single-Family Detached	1980-99s	USA_CA_Arcata.AP.725945_TMY3.epw	0.248169967	0.472274485	0.183096032	0.096459517	32419.49447
Single-Family Detached	2000-09s	USA_CA_Arcata.AP.725945_TMY3.epw	0.163469575	0.433433709	0.235579989	0.167516728	13762.42067
Single-Family Detached	<1940	USA_CA_Arcata.AP.725945_TMY3.epw	0.477889016	0.3587793	0.089591088	0.073740596	10324.62732
Single-Family Detached	2010s	USA_CA_Arcata.AP.725945_TMY3.epw	0.138828949	0.397595258	0.236049625	0.227526167	985.4378796
Single-Family Detached	1940-59s	USA_CA_Bakersfield-Meadows.Field.723840_TMY3.epw	0.370829605	0.379587144	0.126698387	0.122884864	43121.62109
Single-Family Detached	1960-79s	USA_CA_Bakersfield-Meadows.Field.723840_TMY3.epw	0.312414137	0.443224347	0.131786903	0.112574613	49492.73607
Single-Family Detached	1980-99s	USA_CA_Bakersfield-Meadows.Field.723840_TMY3.epw	0.230307053	0.446480444	0.197352057	0.125860446	57662.03766
Single-Family Detached	2000-09s	USA_CA_Bakersfield-Meadows.Field.723840_TMY3.epw	0.146808494	0.626383335	0.117206185	0.109601986	44385.74124
Single-Family Detached	<1940	USA_CA_Bakersfield-Meadows.Field.723840_TMY3.epw	0.348730623	0.300517093	0.177280559	0.173471725	13788.48154
Single-Family Detached	2010s	USA_CA_Bakersfield-Meadows.Field.723840_TMY3.epw	0.125288796	0.617715426	0.131993471	0.125002307	3265.761485
Single-Family Detached	1940-59s	USA_CA_Barstow.Daggett.AP.723815_TMY3.epw	0.522572218	0.314169766	0.081738976	0.08151904	53849.7999
Single-Family Detached	1960-79s	USA_CA_Barstow.Daggett.AP.723815_TMY3.epw	0.221826294	0.541619096	0.132791721	0.103762889	81804.34299
Single-Family Detached	1980-99s	USA_CA_Barstow.Daggett.AP.723815_TMY3.epw	0.269979189	0.410815274	0.174766149	0.144439388	140396.6673
Single-Family Detached	2000-09s	USA_CA_Barstow.Daggett.AP.723815_TMY3.epw	0.127566679	0.29875269	0.369436464	0.204244166	89586.56581
Single-Family Detached	<1940	USA_CA_Barstow.Daggett.AP.723815_TMY3.epw	0.600171732	0.133307069	0.10210605	0.164415149	12717.42378
Single-Family Detached	2010s	USA_CA_Barstow.Daggett.AP.723815_TMY3.epw	0.147067293	0.166920807	0.538936141	0.147075759	3447.959938
Single-Family Detached	1940-59s	USA_CA_Fresno.Air.Terminal.723890_TMY3.epw	0.358179842	0.379847857	0.136352729	0.125619573	74865.252
Single-Family Detached	1960-79s	USA_CA_Fresno.Air.Terminal.723890_TMY3.epw	0.345458315	0.371542055	0.183334489	0.099665141	107754.2961
Single-Family Detached	1980-99s	USA_CA_Fresno.Air.Terminal.723890_TMY3.epw	0.189619498	0.527061552	0.163481339	0.119837611	122490.8726
Single-Family Detached	2000-09s	USA_CA_Fresno.Air.Terminal.723890_TMY3.epw	0.150875955	0.44878925	0.249793094	0.150541701	83010.61904
Single-Family Detached	<1940	USA_CA_Fresno.Air.Terminal.723890_TMY3.epw	0.37990702	0.279898894	0.171826561	0.168367525	27751.40234
Single-Family Detached	2010s	USA_CA_Fresno.Air.Terminal.723890_TMY3.epw	0.211962701	0.325463382	0.246503652	0.216070265	6823.095211
Single-Family Detached	1940-59s	USA_CA_Long.Beach-Daugherty.Field.722970_TMY3.epw	0.384226922	0.316068181	0.154685079	0.145019818	542252.6812
Single-Family Detached	1960-79s	USA_CA_Long.Beach-Daugherty.Field.722970_TMY3.epw	0.2341661	0.427492968	0.185974442	0.15236649	508967.5141
Single-Family Detached	1980-99s	USA_CA_Long.Beach-Daugherty.Field.722970_TMY3.epw	0.217566876	0.399500761	0.265048318	0.117884046	357642.3635
Single-Family Detached	2000-09s	USA_CA_Long.Beach-Daugherty.Field.722970_TMY3.epw	0.088793721	0.332488071	0.334302813	0.244415395	173448.1746
Single-Family Detached	<1940	USA_CA_Long.Beach-Daugherty.Field.722970_TMY3.epw	0.382168064	0.263544176	0.171674667	0.182613093	116052.316
Single-Family Detached	2010s	USA_CA_Long.Beach-Daugherty.Field.722970_TMY3.epw	0.124687844	0.126614689	0.621935959	0.126761508	12609.9235
Single-Family Detached	1940-59s	USA_CA_Los.Angeles.Intl.AP.722950_TMY3.epw	0.372739959	0.334349719	0.152980554	0.139929769	385179.5626
Single-Family Detached	1960-79s	USA_CA_Los.Angeles.Intl.AP.722950_TMY3.epw	0.271355686	0.423286222	0.172377597	0.132980495	242258.8229
Single-Family Detached	1980-99s	USA_CA_Los.Angeles.Intl.AP.722950_TMY3.epw	0.168467867	0.417394851	0.295348476	0.118788806	177823.6871
Single-Family Detached	2000-09s	USA_CA_Los.Angeles.Intl.AP.722950_TMY3.epw	0.119889658	0.371882996	0.19990842	0.308318926	72904.12113
Single-Family Detached	<1940	USA_CA_Los.Angeles.Intl.AP.722950_TMY3.epw	0.350871868	0.295450413	0.174172383	0.179505336	201705.9574
Single-Family Detached	2010s	USA_CA_Los.Angeles.Intl.AP.722950_TMY3.epw	0.128081532	0.128081785	0.615755151	0.128081532	4823.78849
Single-Family Detached	1940-59s	USA_CA_Sacramento.Exec.AP.724830_TMY3.epw	0.422747128	0.403716936	0.101927398	0.071608538	195166.3966
Single-Family Detached	1960-79s	USA_CA_Sacramento.Exec.AP.724830_TMY3.epw	0.324809929	0.456212477	0.139862919	0.079114676	290478.964
Single-Family Detached	1980-99s	USA_CA_Sacramento.Exec.AP.724830_TMY3.epw	0.176670955	0.501349612	0.226389818	0.095589615	371031.5303
Single-Family Detached	2000-09s	USA_CA_Sacramento.Exec.AP.724830_TMY3.epw	0.13470356	0.500879238	0.230545839	0.133871362	237376.5857
Single-Family Detached	<1940	USA_CA_Sacramento.Exec.AP.724830_TMY3.epw	0.46426345	0.297903212	0.134269395	0.103563943	67533.43653
Single-Family Detached	2010s	USA_CA_Sacramento.Exec.AP.724830_TMY3.epw	0.204344195	0.324766521	0.252769234	0.21812005	12710.50191
Single-Family Detached	1940-59s	USA_CA_San.Diego-Lindbergh.Field.722900_TMY3.epw	0.538799398	0.339624079	0.07849493	0.043081593	131136.8859
Single-Family Detached	1960-79s	USA_CA_San.Diego-Lindbergh.Field.722900_TMY3.epw	0.32412984	0.478977845	0.146818779	0.050073535	212849.0297
Single-Family Detached	1980-99s	USA_CA_San.Diego-Lindbergh.Field.722900_TMY3.epw	0.217963913	0.499691982	0.184814914	0.097529191	218661.7057
Single-Family Detached	2000-09s	USA_CA_San.Diego-Lindbergh.Field.722900_TMY3.epw	0.134260706	0.384678922	0.300756844	0.180303527	122925.0054
Single-Family Detached	<1940	USA_CA_San.Diego-Lindbergh.Field.722900_TMY3.epw	0.502830378	0.323643771	0.09538675	0.0781391	36279.19094
Single-Family Detached	2010s	USA_CA_San.Diego-Lindbergh.Field.722900_TMY3.epw	0.138227669	0.383885916	0.324213244	0.153673171	7777.033897
Single-Family Detached	1940-59s	USA_CA_San.Francisco.Intl.AP.724940_TMY3.epw	0.509798082	0.331440155	0.100352313	0.058409451	421765.422
Single-Family Detached	1960-79s	USA_CA_San.Francisco.Intl.AP.724940_TMY3.epw	0.344889147	0.42797619	0.163705751	0.063428912	455493.9567
Single-Family Detached	1980-99s	USA_CA_San.Francisco.Intl.AP.724940_TMY3.epw	0.210562847	0.505230039	0.160993433	0.123213681	257759.6095
Single-Family Detached	2000-09s	USA_CA_San.Francisco.Intl.AP.724940_TMY3.epw	0.144656599	0.520423378	0.186920682	0.14799934	95324.40732
Single-Family Detached	<1940	USA_CA_San.Francisco.Intl.AP.724940_TMY3.epw	0.373563415	0.383798544	0.14158267	0.101055372	199357.5233
Single-Family Detached	2010s	USA_CA_San.Francisco.Intl.AP.724940_TMY3.epw	0.205330022	0.331638353	0.25085402	0.212177606	9097.837759
Single-Family Detached	1940-59s	USA_CA_Santa.Maria.Public.AP.723940_TMY3.epw	0.543770105	0.329763439	0.077304935	0.049161521	26463.87166
Single-Family Detached	1960-79s	USA_CA_Santa.Maria.Public.AP.723940_TMY3.epw	0.327324745	0.475290823	0.146640569	0.050743863	50198.17846
Single-Family Detached	1980-99s	USA_CA_Santa.Maria.Public.AP.723940_TMY3.epw	0.208205388	0.515954369	0.176985331	0.098854911	43227.80249
Single-Family Detached	2000-09s	USA_CA_Santa.Maria.Public.AP.723940_TMY3.epw	0.156123068	0.423530282	0.25383879	0.166507861	21076.22923
Single-Family Detached	<1940	USA_CA_Santa.Maria.Public.AP.723940_TMY3.epw	0.508411261	0.317342742	0.094977153	0.079268845	10682.08955
Single-Family Detached	2010s	USA_CA_Santa.Maria.Public.AP.723940_TMY3.epw	0.159934236	0.466064002	0.219925311	0.154076451	889.0171539
Single-Family Detached	1940-59s	USA_CO_Alamosa.Muni.AP.724620_TMY3.epw	0.492859861	0.355832574	0.094175578	0.057131987	7817.27744
Single-Family Detached	1960-79s	USA_CO_Alamosa.Muni.AP.724620_TMY3.epw	0.354015774	0.439476846	0.154843452	0.051663928	12855.86508
Single-Family Detached	1980-99s	USA_CO_Alamosa.Muni.AP.724620_TMY3.epw	0.242357812	0.444637318	0.20441601	0.108588861	18009.95954
Single-Family Detached	2000-09s	USA_CO_Alamosa.Muni.AP.724620_TMY3.epw	0.15801051	0.43476529	0.250739064	0.156485137	10195.12941
Single-Family Detached	<1940	USA_CO_Alamosa.Muni.AP.724620_TMY3.epw	0.470010919	0.358164214	0.089936579	0.081888288	10355.10677
Single-Family Detached	2010s	USA_CO_Alamosa.Muni.AP.724620_TMY3.epw	0.101672207	0.470041892	0.206437024	0.221848877	788.5419659
Single-Family Detached	1940-59s	USA_CO_Boulder-Broomfield-Jefferson.County.AP.724699_TMY3.epw	0.477338739	0.37615337	0.066822881	0.07968501	121799.154
Single-Family Detached	1960-79s	USA_CO_Boulder-Broomfield-Jefferson.County.AP.724699_TMY3.epw	0.214793721	0.449583424	0.251229502	0.084393353	217976.8832
Single-Family Detached	1980-99s	USA_CO_Boulder-Broomfield-Jefferson.County.AP.724699_TMY3.epw	0.181901867	0.392800409	0.240155056	0.185142668	204131.726
Single-Family Detached	2000-09s	USA_CO_Boulder-Broomfield-Jefferson.County.AP.724699_TMY3.epw	0.121027691	0.537817372	0.202550707	0.13860423	127796.1408
Single-Family Detached	<1940	USA_CO_Boulder-Broomfield-Jefferson.County.AP.724699_TMY3.epw	0.434493212	0.362638007	0.132911521	0.069957259	68074.97676
Single-Family Detached	2010s	USA_CO_Boulder-Broomfield-Jefferson.County.AP.724699_TMY3.epw	0.219113766	0.321173634	0.244200839	0.215511761	12921.64523
Single-Family Detached	1940-59s	USA_CO_Colorado.Springs-Peterson.Field.724660_TMY3.epw	0.250839132	0.445817201	0.152166513	0.151177154	19801.70549
Single-Family Detached	1960-79s	USA_CO_Colorado.Springs-Peterson.Field.724660_TMY3.epw	0.162397513	0.423062285	0.265574968	0.148965234	66778.6259
Single-Family Detached	1980-99s	USA_CO_Colorado.Springs-Peterson.Field.724660_TMY3.epw	0.190698448	0.299913509	0.324861878	0.184526165	112629.0985
Single-Family Detached	2000-09s	USA_CO_Colorado.Springs-Peterson.Field.724660_TMY3.epw	0.100758334	0.504846629	0.245036935	0.149358102	72900.64728
Single-Family Detached	<1940	USA_CO_Colorado.Springs-Peterson.Field.724660_TMY3.epw	0.31201593	0.302376565	0.197632658	0.187974846	13782.12374
Single-Family Detached	2010s	USA_CO_Colorado.Springs-Peterson.Field.724660_TMY3.epw	0.247121931	0.255133702	0.248369194	0.249375174	6801.658278
Single-Family Detached	1940-59s	USA_CO_Eagle.County.Rgnl.AP.724675_TMY3.epw	0.544484715	0.32947804	0.074540584	0.051496661	4865.332891
Single-Family Detached	1960-79s	USA_CO_Eagle.County.Rgnl.AP.724675_TMY3.epw	0.335691922	0.468201642	0.148063978	0.048042458	12108.19175
Single-Family Detached	1980-99s	USA_CO_Eagle.County.Rgnl.AP.724675_TMY3.epw	0.212334361	0.497480792	0.191947068	0.098237779	16279.24106
Single-Family Detached	2000-09s	USA_CO_Eagle.County.Rgnl.AP.724675_TMY3.epw	0.14540999	0.414949296	0.269292939	0.170347775	11452.09641
Single-Family Detached	<1940	USA_CO_Eagle.County.Rgnl.AP.724675_TMY3.epw	0.505783299	0.333639745	0.088306704	0.072270252	6151.701182
Single-Family Detached	2010s	USA_CO_Eagle.County.Rgnl.AP.724675_TMY3.epw	0.124499266	0.48784543	0.226120123	0.16153518	669.6097992
Single-Family Detached	1940-59s	USA_CO_Grand.Junction-Walker.Field.724760_TMY3.epw	0.529694877	0.348384582	0.081073082	0.040847459	9593.259583
Single-Family Detached	1960-79s	USA_CO_Grand.Junction-Walker.Field.724760_TMY3.epw	0.332868941	0.471711759	0.152211525	0.043207775	18590.55822
Single-Family Detached	1980-99s	USA_CO_Grand.Junction-Walker.Field.724760_TMY3.epw	0.216437942	0.507183157	0.187612993	0.088765908	23991.98077
Single-Family Detached	2000-09s	USA_CO_Grand.Junction-Walker.Field.724760_TMY3.epw	0.155220379	0.431829219	0.255623316	0.157327086	20462.45897
Single-Family Detached	<1940	USA_CO_Grand.Junction-Walker.Field.724760_TMY3.epw	0.497848623	0.345288152	0.084740024	0.0721232	9227.050867
Single-Family Detached	2010s	USA_CO_Grand.Junction-Walker.Field.724760_TMY3.epw	0.136613025	0.491605626	0.211844353	0.159936997	1173.320841
Single-Family Detached	1940-59s	USA_CO_Pueblo.Mem.AP.724640_TMY3.epw	0.549358321	0.346185972	0.06871799	0.035737716	13788.55772
Single-Family Detached	1960-79s	USA_CO_Pueblo.Mem.AP.724640_TMY3.epw	0.322716889	0.481009298	0.15254547	0.043728342	14916.58258
Single-Family Detached	1980-99s	USA_CO_Pueblo.Mem.AP.724640_TMY3.epw	0.182032306	0.517542237	0.198703873	0.101721583	11093.63426
Single-Family Detached	2000-09s	USA_CO_Pueblo.Mem.AP.724640_TMY3.epw	0.127606565	0.423748991	0.269331994	0.17931245	9781.302913
Single-Family Detached	<1940	USA_CO_Pueblo.Mem.AP.724640_TMY3.epw	0.538616951	0.325877354	0.072678318	0.062827377	13174.49329
Single-Family Detached	2010s	USA_CO_Pueblo.Mem.AP.724640_TMY3.epw	0.111837533	0.533826507	0.187375787	0.166960173	373.8403925
Single-Family Detached	1940-59s	USA_CT_Bridgeport-Sikorsky.Mem.AP.725040_TMY3.epw	0.331840201	0.427608355	0.148129683	0.092421761	210872.2692
Single-Family Detached	1960-79s	USA_CT_Bridgeport-Sikorsky.Mem.AP.725040_TMY3.epw	0.247310058	0.427147188	0.210477829	0.115064926	282066.1841
Single-Family Detached	1980-99s	USA_CT_Bridgeport-Sikorsky.Mem.AP.725040_TMY3.epw	0.127214636	0.368712114	0.264803463	0.239269786	145721.6518
Single-Family Detached	2000-09s	USA_CT_Bridgeport-Sikorsky.Mem.AP.725040_TMY3.epw	0.182165595	0.344478356	0.246981327	0.226374722	50963.59454
Single-Family Detached	<1940	USA_CT_Bridgeport-Sikorsky.Mem.AP.725040_TMY3.epw	0.264273199	0.319369275	0.233067573	0.183289954	110341.3975
Single-Family Detached	2010s	USA_CT_Bridgeport-Sikorsky.Mem.AP.725040_TMY3.epw	0.182086948	0.199011144	0.315401449	0.30350046	4019.591427
Single-Family Detached	1940-59s	USA_CT_Hartford-Bradley.Intl.AP.725080_TMY3.epw	0.328512323	0.341281845	0.201481479	0.128724353	158150.0168
Single-Family Detached	1960-79s	USA_CT_Hartford-Bradley.Intl.AP.725080_TMY3.epw	0.20513757	0.486110727	0.189795303	0.1189564	142459.8883
Single-Family Detached	1980-99s	USA_CT_Hartford-Bradley.Intl.AP.725080_TMY3.epw	0.187119171	0.535321106	0.153754837	0.123804886	103695.8038
Single-Family Detached	2000-09s	USA_CT_Hartford-Bradley.Intl.AP.725080_TMY3.epw	0.205285652	0.300682541	0.276004007	0.2180278	41439.22755
Single-Family Detached	<1940	USA_CT_Hartford-Bradley.Intl.AP.725080_TMY3.epw	0.277867595	0.293921567	0.263941112	0.164269726	102420.9744
Single-Family Detached	2010s	USA_CT_Hartford-Bradley.Intl.AP.725080_TMY3.epw	0.181971185	0.202767595	0.317752477	0.297508743	3339.748742
Single-Family Detached	1940-59s	USA_DE_Wilmington-New.Castle.County.AP.724089_TMY3.epw	0.406712507	0.38414698	0.131267712	0.077872801	66907.9062
Single-Family Detached	1960-79s	USA_DE_Wilmington-New.Castle.County.AP.724089_TMY3.epw	0.212950488	0.477421393	0.210639592	0.098988526	81853.71155
Single-Family Detached	1980-99s	USA_DE_Wilmington-New.Castle.County.AP.724089_TMY3.epw	0.111654169	0.375986881	0.32496282	0.18739613	94643.20875
Single-Family Detached	2000-09s	USA_DE_Wilmington-New.Castle.County.AP.724089_TMY3.epw	0.087315825	0.29914337	0.328366913	0.285173892	51608.49568
Single-Family Detached	<1940	USA_DE_Wilmington-New.Castle.County.AP.724089_TMY3.epw	0.252299877	0.409451274	0.187435279	0.150813569	35974.10199
Single-Family Detached	2010s	USA_DE_Wilmington-New.Castle.County.AP.724089_TMY3.epw	0.156394609	0.296774762	0.238952108	0.307878521	5791.524566
Single-Family Detached	1940-59s	USA_FL_Daytona.Beach.Intl.AP.722056_TMY3.epw	0.347074648	0.305319798	0.184477478	0.163128076	28406.58587
Single-Family Detached	1960-79s	USA_FL_Daytona.Beach.Intl.AP.722056_TMY3.epw	0.376705844	0.431487814	0.119428196	0.072378146	63415.04918
Single-Family Detached	1980-99s	USA_FL_Daytona.Beach.Intl.AP.722056_TMY3.epw	0.301594173	0.35001851	0.279573777	0.06881354	124364.044
Single-Family Detached	2000-09s	USA_FL_Daytona.Beach.Intl.AP.722056_TMY3.epw	0.144669748	0.360574268	0.196968667	0.297787317	79335.30309
Single-Family Detached	<1940	USA_FL_Daytona.Beach.Intl.AP.722056_TMY3.epw	0.284761176	0.355281188	0.142334296	0.21762334	8783.243213
Single-Family Detached	2010s	USA_FL_Daytona.Beach.Intl.AP.722056_TMY3.epw	0.206802966	0.288847263	0.265897777	0.238451993	4437.952422
Single-Family Detached	1940-59s	USA_FL_Jacksonville.Intl.AP.722060_TMY3.epw	0.479335525	0.369363061	0.082766563	0.068534851	71674.18508
Single-Family Detached	1960-79s	USA_FL_Jacksonville.Intl.AP.722060_TMY3.epw	0.34174673	0.411808871	0.177830009	0.06861439	103074.8687
Single-Family Detached	1980-99s	USA_FL_Jacksonville.Intl.AP.722060_TMY3.epw	0.260740064	0.414593967	0.261706368	0.062959602	149392.8756
Single-Family Detached	2000-09s	USA_FL_Jacksonville.Intl.AP.722060_TMY3.epw	0.086181834	0.505300579	0.325016904	0.083500683	106156.5733
Single-Family Detached	<1940	USA_FL_Jacksonville.Intl.AP.722060_TMY3.epw	0.319674102	0.502569816	0.096149056	0.081607026	21814.08423
Single-Family Detached	2010s	USA_FL_Jacksonville.Intl.AP.722060_TMY3.epw	0.226880048	0.276707913	0.257347677	0.239064362	10254.76551
Single-Family Detached	1940-59s	USA_FL_Key.West.Intl.AP.722010_TMY3.epw	0.414509347	0.39450879	0.128582387	0.062399476	1757.089458
Single-Family Detached	1960-79s	USA_FL_Key.West.Intl.AP.722010_TMY3.epw	0.337349324	0.434349563	0.137642824	0.090658289	3099.5275
Single-Family Detached	1980-99s	USA_FL_Key.West.Intl.AP.722010_TMY3.epw	0.265082514	0.493510619	0.156717852	0.084689015	3799.499313
Single-Family Detached	2000-09s	USA_FL_Key.West.Intl.AP.722010_TMY3.epw	0.176777327	0.508422121	0.214206569	0.100593984	1251.426594
Single-Family Detached	<1940	USA_FL_Key.West.Intl.AP.722010_TMY3.epw	0.360679083	0.409275956	0.137873352	0.092171609	1122.359511
Single-Family Detached	2010s	USA_FL_Key.West.Intl.AP.722010_TMY3.epw	0.19084966	0.358857934	0.261752925	0.188539481	140.5754675
Single-Family Detached	1940-59s	USA_FL_Miami.Intl.AP.722020_TMY3.epw	0.463129731	0.387073201	0.042500804	0.107296264	174144.7895
Single-Family Detached	1960-79s	USA_FL_Miami.Intl.AP.722020_TMY3.epw	0.376051981	0.370712093	0.171692341	0.081543585	223526.9827
Single-Family Detached	1980-99s	USA_FL_Miami.Intl.AP.722020_TMY3.epw	0.210646206	0.466056566	0.24091686	0.082380368	238872.3625
Single-Family Detached	2000-09s	USA_FL_Miami.Intl.AP.722020_TMY3.epw	0.235348125	0.295444356	0.243794567	0.225412952	103424.0917
Single-Family Detached	<1940	USA_FL_Miami.Intl.AP.722020_TMY3.epw	0.265128615	0.164377891	0.111037542	0.459455952	20014.96555
Single-Family Detached	2010s	USA_FL_Miami.Intl.AP.722020_TMY3.epw	0.222527666	0.288241265	0.257874836	0.231356233	6527.35044
Single-Family Detached	1940-59s	USA_FL_Orlando.Intl.AP.722050_TMY3.epw	0.473486364	0.325074835	0.117898681	0.08354012	212889.5587
Single-Family Detached	1960-79s	USA_FL_Orlando.Intl.AP.722050_TMY3.epw	0.423040642	0.375926243	0.132704181	0.068328934	451830.1691
Single-Family Detached	1980-99s	USA_FL_Orlando.Intl.AP.722050_TMY3.epw	0.297831983	0.381020884	0.240978274	0.080168859	651065.251
Single-Family Detached	2000-09s	USA_FL_Orlando.Intl.AP.722050_TMY3.epw	0.202568053	0.276763287	0.168768983	0.351899677	424026.7334
Single-Family Detached	<1940	USA_FL_Orlando.Intl.AP.722050_TMY3.epw	0.235887621	0.373936406	0.225721667	0.164454306	46098.21384
Single-Family Detached	2010s	USA_FL_Orlando.Intl.AP.722050_TMY3.epw	0.174507481	0.236388479	0.223383503	0.365720537	36693.64191
Single-Family Detached	1940-59s	USA_FL_Tallahassee.Rgnl.AP.722140_TMY3.epw	0.483626286	0.391270323	0.08985237	0.035251021	42236.18041
Single-Family Detached	1960-79s	USA_FL_Tallahassee.Rgnl.AP.722140_TMY3.epw	0.355617144	0.461635146	0.119814727	0.062932984	80055.20827
Single-Family Detached	1980-99s	USA_FL_Tallahassee.Rgnl.AP.722140_TMY3.epw	0.257284507	0.492018452	0.166590287	0.084106755	84634.58153
Single-Family Detached	2000-09s	USA_FL_Tallahassee.Rgnl.AP.722140_TMY3.epw	0.169155165	0.505773105	0.213099718	0.111972012	49663.81738
Single-Family Detached	<1940	USA_FL_Tallahassee.Rgnl.AP.722140_TMY3.epw	0.406080439	0.435884081	0.10383766	0.054197819	15735.23934
Single-Family Detached	2010s	USA_FL_Tallahassee.Rgnl.AP.722140_TMY3.epw	0.173072179	0.346575314	0.290364734	0.189987773	4927.900174
Single-Family Detached	1940-59s	USA_FL_West.Palm.Beach.Intl.AP.722030_TMY3.epw	0.489831941	0.36155658	0.055986354	0.092625126	47714.24224
Single-Family Detached	1960-79s	USA_FL_West.Palm.Beach.Intl.AP.722030_TMY3.epw	0.375304551	0.388075028	0.155893799	0.080726621	135070.8078
Single-Family Detached	1980-99s	USA_FL_West.Palm.Beach.Intl.AP.722030_TMY3.epw	0.212482145	0.491514945	0.209811469	0.086191442	226793.0394
Single-Family Detached	2000-09s	USA_FL_West.Palm.Beach.Intl.AP.722030_TMY3.epw	0.224324849	0.33977596	0.23527035	0.200628841	144217.3053
Single-Family Detached	<1940	USA_FL_West.Palm.Beach.Intl.AP.722030_TMY3.epw	0.344019783	0.216802388	0.103601844	0.335575986	8920.242131
Single-Family Detached	2010s	USA_FL_West.Palm.Beach.Intl.AP.722030_TMY3.epw	0.230048129	0.277332291	0.262460511	0.230159069	6559.427591
Single-Family Detached	1940-59s	USA_GA_Athens-Ben.Epps.AP.723110_TMY3.epw	0.473696708	0.353766558	0.10419134	0.068345394	23867.931
Single-Family Detached	1960-79s	USA_GA_Athens-Ben.Epps.AP.723110_TMY3.epw	0.33756929	0.426974768	0.150404676	0.085051266	54128.33074
Single-Family Detached	1980-99s	USA_GA_Athens-Ben.Epps.AP.723110_TMY3.epw	0.240578556	0.440647124	0.185864472	0.132909848	87998.53559
Single-Family Detached	2000-09s	USA_GA_Athens-Ben.Epps.AP.723110_TMY3.epw	0.150805146	0.448619276	0.242814025	0.157761553	65325.45308
Single-Family Detached	<1940	USA_GA_Athens-Ben.Epps.AP.723110_TMY3.epw	0.359208169	0.402331678	0.133062825	0.105397328	13715.04448
Single-Family Detached	2010s	USA_GA_Athens-Ben.Epps.AP.723110_TMY3.epw	0.14746535	0.345199925	0.249400444	0.257934281	2957.121609
Single-Family Detached	1940-59s	USA_GA_Atlanta-Hartsfield-Jackson.Intl.AP.722190_TMY3.epw	0.309179148	0.410177611	0.183741233	0.096902008	106704.3746
Single-Family Detached	1960-79s	USA_GA_Atlanta-Hartsfield-Jackson.Intl.AP.722190_TMY3.epw	0.212392012	0.428977805	0.215529494	0.143100689	264904.7824
Single-Family Detached	1980-99s	USA_GA_Atlanta-Hartsfield-Jackson.Intl.AP.722190_TMY3.epw	0.282352142	0.278236281	0.24163756	0.197774017	532679.3024
Single-Family Detached	2000-09s	USA_GA_Atlanta-Hartsfield-Jackson.Intl.AP.722190_TMY3.epw	0.12690334	0.302265189	0.304129759	0.266701712	346360.3066
Single-Family Detached	<1940	USA_GA_Atlanta-Hartsfield-Jackson.Intl.AP.722190_TMY3.epw	0.320997301	0.395239133	0.143355375	0.140408191	45641.08461
Single-Family Detached	2010s	USA_GA_Atlanta-Hartsfield-Jackson.Intl.AP.722190_TMY3.epw	0.098237734	0.266345814	0.102400384	0.533016067	18082.46078
Single-Family Detached	1940-59s	USA_GA_Augusta-Bush-Field.722180_TMY3.epw	0.386408088	0.250108961	0.186808334	0.176674618	25576.53152
Single-Family Detached	1960-79s	USA_GA_Augusta-Bush-Field.722180_TMY3.epw	0.356281155	0.3770539	0.140453593	0.126211352	51411.55618
Single-Family Detached	1980-99s	USA_GA_Augusta-Bush-Field.722180_TMY3.epw	0.162698985	0.598858311	0.125679606	0.112763099	51325.39024
Single-Family Detached	2000-09s	USA_GA_Augusta-Bush-Field.722180_TMY3.epw	0.239012082	0.279321364	0.246960362	0.234706192	28322.77208
Single-Family Detached	<1940	USA_GA_Augusta-Bush-Field.722180_TMY3.epw	0.290979967	0.395848494	0.164151148	0.14902039	10910.58698
Single-Family Detached	2010s	USA_GA_Augusta-Bush-Field.722180_TMY3.epw	0.243212918	0.258747422	0.252845279	0.245194382	5621.91698
Single-Family Detached	1940-59s	USA_GA_Columbus.Metro.AP.722255_TMY3.epw	0.507445219	0.372290469	0.085029319	0.035234993	31815.02927
Single-Family Detached	1960-79s	USA_GA_Columbus.Metro.AP.722255_TMY3.epw	0.350744167	0.457447715	0.129403132	0.062404986	54116.51348
Single-Family Detached	1980-99s	USA_GA_Columbus.Metro.AP.722255_TMY3.epw	0.239302609	0.478214662	0.18691364	0.095569089	49120.95374
Single-Family Detached	2000-09s	USA_GA_Columbus.Metro.AP.722255_TMY3.epw	0.163280011	0.495384377	0.221635732	0.11969988	29248.78711
Single-Family Detached	<1940	USA_GA_Columbus.Metro.AP.722255_TMY3.epw	0.38183094	0.433899396	0.116320645	0.06794902	15666.57632
Single-Family Detached	2010s	USA_GA_Columbus.Metro.AP.722255_TMY3.epw	0.168143103	0.354147259	0.291456593	0.186253045	6153.746423
Single-Family Detached	1940-59s	USA_GA_Macon-Middle.Georgia.Rgnl.AP.722170_TMY3.epw	0.512154726	0.370814998	0.082527208	0.034503068	35476.2735
Single-Family Detached	1960-79s	USA_GA_Macon-Middle.Georgia.Rgnl.AP.722170_TMY3.epw	0.349631434	0.456681636	0.129759409	0.063927521	69960.30099
Single-Family Detached	1980-99s	USA_GA_Macon-Middle.Georgia.Rgnl.AP.722170_TMY3.epw	0.239861819	0.483257268	0.18242897	0.094451943	66170.5345
Single-Family Detached	2000-09s	USA_GA_Macon-Middle.Georgia.Rgnl.AP.722170_TMY3.epw	0.158454389	0.491127345	0.22898448	0.121433787	41204.41537
Single-Family Detached	<1940	USA_GA_Macon-Middle.Georgia.Rgnl.AP.722170_TMY3.epw	0.381591782	0.442824923	0.109304396	0.066278899	16872.24366
Single-Family Detached	2010s	USA_GA_Macon-Middle.Georgia.Rgnl.AP.722170_TMY3.epw	0.168334043	0.371402931	0.293536682	0.166726344	3295.480196
Single-Family Detached	1940-59s	USA_GA_Savannah.Intl.AP.722070_TMY3.epw	0.511500348	0.369590088	0.085264853	0.033644711	25656.13493
Single-Family Detached	1960-79s	USA_GA_Savannah.Intl.AP.722070_TMY3.epw	0.358192034	0.462325267	0.119608891	0.059873808	45193.25172
Single-Family Detached	1980-99s	USA_GA_Savannah.Intl.AP.722070_TMY3.epw	0.248087919	0.486073156	0.177235064	0.088603861	61379.11865
Single-Family Detached	2000-09s	USA_GA_Savannah.Intl.AP.722070_TMY3.epw	0.163422979	0.495428961	0.223739263	0.117408797	51730.56822
Single-Family Detached	<1940	USA_GA_Savannah.Intl.AP.722070_TMY3.epw	0.402703398	0.440598125	0.100027395	0.056671081	10430.09059
Single-Family Detached	2010s	USA_GA_Savannah.Intl.AP.722070_TMY3.epw	0.170745029	0.340734397	0.298593421	0.189927153	5380.830876
Single-Family Detached	1940-59s	USA_IA_Des.Moines.Intl.AP.725460_TMY3.epw	0.361032574	0.413558929	0.121720628	0.103687869	50273.64762
Single-Family Detached	1960-79s	USA_IA_Des.Moines.Intl.AP.725460_TMY3.epw	0.263377206	0.495780172	0.164084596	0.076758026	64991.78107
Single-Family Detached	1980-99s	USA_IA_Des.Moines.Intl.AP.725460_TMY3.epw	0.231329036	0.299727328	0.264626106	0.20431753	47247.31692
Single-Family Detached	2000-09s	USA_IA_Des.Moines.Intl.AP.725460_TMY3.epw	0.228140203	0.270769255	0.250898439	0.250192104	39152.75973
Single-Family Detached	<1940	USA_IA_Des.Moines.Intl.AP.725460_TMY3.epw	0.334004144	0.386737455	0.134934828	0.144323574	73814.68024
Single-Family Detached	2010s	USA_IA_Des.Moines.Intl.AP.725460_TMY3.epw	0.226197478	0.267079076	0.244667037	0.262056409	5826.480022
Single-Family Detached	1940-59s	USA_IA_Mason.City.Muni.AP.725485_TMY3.epw	0.478242273	0.376420755	0.091919029	0.053417944	28510.82867
Single-Family Detached	1960-79s	USA_IA_Mason.City.Muni.AP.725485_TMY3.epw	0.319178403	0.447221224	0.164964188	0.068636185	26930.75474
Single-Family Detached	1980-99s	USA_IA_Mason.City.Muni.AP.725485_TMY3.epw	0.181313772	0.425701992	0.285712583	0.107271653	10311.89943
Single-Family Detached	2000-09s	USA_IA_Mason.City.Muni.AP.725485_TMY3.epw	0.161939593	0.349836744	0.241066979	0.247156684	5485.261461
Single-Family Detached	<1940	USA_IA_Mason.City.Muni.AP.725485_TMY3.epw	0.396504908	0.438766584	0.104320035	0.060408473	40696.22276
Single-Family Detached	2010s	USA_IA_Mason.City.Muni.AP.725485_TMY3.epw	0.156233649	0.31900269	0.222336398	0.302427264	723.9586485
Single-Family Detached	1940-59s	USA_IA_Sioux.City-Sioux.Gateway.AP.725570_TMY3.epw	0.473005664	0.377975337	0.087001017	0.062017982	15630.29322
Single-Family Detached	1960-79s	USA_IA_Sioux.City-Sioux.Gateway.AP.725570_TMY3.epw	0.327246336	0.431132543	0.169833841	0.07178728	19879.70388
Single-Family Detached	1980-99s	USA_IA_Sioux.City-Sioux.Gateway.AP.725570_TMY3.epw	0.179365099	0.440373762	0.26124853	0.119012608	10311.23008
Single-Family Detached	2000-09s	USA_IA_Sioux.City-Sioux.Gateway.AP.725570_TMY3.epw	0.142963192	0.369239746	0.216813573	0.270983488	6055.493856
Single-Family Detached	<1940	USA_IA_Sioux.City-Sioux.Gateway.AP.725570_TMY3.epw	0.41283699	0.42595986	0.10556087	0.05564228	28846.00811
Single-Family Detached	2010s	USA_IA_Sioux.City-Sioux.Gateway.AP.725570_TMY3.epw	0.069809094	0.21749558	0.302670063	0.410025264	722.2675534
Single-Family Detached	1940-59s	USA_IA_Waterloo.Muni.AP.725480_TMY3.epw	0.484138202	0.380277236	0.086950656	0.048633906	41205.84259
Single-Family Detached	1960-79s	USA_IA_Waterloo.Muni.AP.725480_TMY3.epw	0.322029112	0.452133896	0.157952437	0.067884555	52793.14344
Single-Family Detached	1980-99s	USA_IA_Waterloo.Muni.AP.725480_TMY3.epw	0.164994873	0.434234285	0.290038247	0.110732596	26858.95489
Single-Family Detached	2000-09s	USA_IA_Waterloo.Muni.AP.725480_TMY3.epw	0.156672686	0.343812083	0.240550537	0.258964693	22609.99051
Single-Family Detached	<1940	USA_IA_Waterloo.Muni.AP.725480_TMY3.epw	0.404137635	0.433252233	0.10369913	0.058911002	57954.0939
Single-Family Detached	2010s	USA_IA_Waterloo.Muni.AP.725480_TMY3.epw	0.089960434	0.324322767	0.19835546	0.38736134	3640.230996
Single-Family Detached	1940-59s	USA_ID_Boise.Air.Terminal.726810_TMY3.epw	0.55497165	0.330329904	0.07119053	0.043507916	24265.18604
Single-Family Detached	1960-79s	USA_ID_Boise.Air.Terminal.726810_TMY3.epw	0.34662376	0.467287476	0.14478142	0.041307343	45719.73389
Single-Family Detached	1980-99s	USA_ID_Boise.Air.Terminal.726810_TMY3.epw	0.225308503	0.523325124	0.172398993	0.07896738	64218.84046
Single-Family Detached	2000-09s	USA_ID_Boise.Air.Terminal.726810_TMY3.epw	0.161291917	0.429302314	0.254409209	0.15499656	61682.63452
Single-Family Detached	<1940	USA_ID_Boise.Air.Terminal.726810_TMY3.epw	0.470823427	0.359464697	0.095998812	0.073713064	14512.89094
Single-Family Detached	2010s	USA_ID_Boise.Air.Terminal.726810_TMY3.epw	0.164814471	0.468267592	0.226364552	0.140553385	5815.140283
Single-Family Detached	1940-59s	USA_ID_Pocatello.Muni.AP.725780_TMY3.epw	0.534413406	0.340041104	0.082310244	0.043235246	24984.39712
Single-Family Detached	1960-79s	USA_ID_Pocatello.Muni.AP.725780_TMY3.epw	0.343566079	0.469723118	0.148266942	0.038443862	38102.87287
Single-Family Detached	1980-99s	USA_ID_Pocatello.Muni.AP.725780_TMY3.epw	0.213624862	0.497155133	0.19739301	0.091826996	30217.83469
Single-Family Detached	2000-09s	USA_ID_Pocatello.Muni.AP.725780_TMY3.epw	0.156937305	0.418766025	0.255456259	0.168840412	26705.25404
Single-Family Detached	<1940	USA_ID_Pocatello.Muni.AP.725780_TMY3.epw	0.467708471	0.35676105	0.0977388	0.07779168	19150.37994
Single-Family Detached	2010s	USA_ID_Pocatello.Muni.AP.725780_TMY3.epw	0.164851378	0.438649473	0.246485576	0.150013574	2673.555587
Single-Family Detached	1940-59s	USA_IL_Chicago-OHare.Intl.AP.725300_TMY3.epw	0.440941387	0.371980332	0.118425852	0.068652429	459584.9397
Single-Family Detached	1960-79s	USA_IL_Chicago-OHare.Intl.AP.725300_TMY3.epw	0.289175864	0.439156893	0.176626036	0.095041208	469586.2705
Single-Family Detached	1980-99s	USA_IL_Chicago-OHare.Intl.AP.725300_TMY3.epw	0.100985842	0.363089538	0.32151091	0.214413709	345275.3418
Single-Family Detached	2000-09s	USA_IL_Chicago-OHare.Intl.AP.725300_TMY3.epw	0.046699965	0.175362441	0.34842945	0.429508143	196180.8157
Single-Family Detached	<1940	USA_IL_Chicago-OHare.Intl.AP.725300_TMY3.epw	0.34672327	0.375228644	0.190747915	0.087300171	290034.9836
Single-Family Detached	2010s	USA_IL_Chicago-OHare.Intl.AP.725300_TMY3.epw	0.063027724	0.370470257	0.246287373	0.320214646	9565.898386
