Dependency=Location	Dependency=Geometry Building Type FPL	Dependency=Vintage FPL	Option=0-1499	Option=1500-2499	Option=2500-3499	Option=3500+	Counts
AL_Birmingham.Muni.AP.722280	Single-Family Detached	1940-59s	0.40026831399999996	0.28430707	0.245229607	0.070195008	80944.51934
AL_Birmingham.Muni.AP.722280	Single-Family Detached	1960-79s	0.284659352	0.427584873	0.152326044	0.135429731	129716.7477
AL_Birmingham.Muni.AP.722280	Single-Family Detached	1980-99s	0.12099680300000001	0.45426830799999995	0.194785746	0.229949143	113563.7608
AL_Birmingham.Muni.AP.722280	Single-Family Detached	2000-09s	0.16993681	0.468056145	0.19341613100000002	0.16859091399999998	73873.38632
AL_Birmingham.Muni.AP.722280	Single-Family Detached	<1940	0.309425154	0.36141634	0.18223761800000002	0.146920888	33656.78305
AL_Birmingham.Muni.AP.722280	Single-Family Detached	2010s	0.165918106	0.456747566	0.203701629	0.17363269899999997	8182.140837000001
AL_Huntsville.Intl.AP-Jones.Field.723230	Single-Family Detached	1940-59s	0.493013949	0.37721106299999996	0.08966640699999999	0.040108581000000004	51390.50245
AL_Huntsville.Intl.AP-Jones.Field.723230	Single-Family Detached	1960-79s	0.341039186	0.47007744700000004	0.126105794	0.062777574	117810.1372
AL_Huntsville.Intl.AP-Jones.Field.723230	Single-Family Detached	1980-99s	0.244263681	0.471899656	0.187136737	0.09669992599999999	107947.2026
AL_Huntsville.Intl.AP-Jones.Field.723230	Single-Family Detached	2000-09s	0.14716657	0.463658926	0.23911460199999998	0.150059902	58428.451310000004
AL_Huntsville.Intl.AP-Jones.Field.723230	Single-Family Detached	<1940	0.382772089	0.43744705100000003	0.110066612	0.06971424700000001	20674.96962
AL_Huntsville.Intl.AP-Jones.Field.723230	Single-Family Detached	2010s	0.15289033900000001	0.362660014	0.29941858600000004	0.18503106	9251.347837000001
AL_Mobile-Rgnl.AP.722230	Single-Family Detached	1940-59s	0.42828463	0.304579833	0.158273647	0.10886189	66608.04148
AL_Mobile-Rgnl.AP.722230	Single-Family Detached	1960-79s	0.313655676	0.396420179	0.17277144600000002	0.117152699	142511.612
AL_Mobile-Rgnl.AP.722230	Single-Family Detached	1980-99s	0.204985136	0.347901743	0.280107734	0.167005387	148523.7974
AL_Mobile-Rgnl.AP.722230	Single-Family Detached	2000-09s	0.203780071	0.38697613	0.23256178600000002	0.176682012	92992.87577
AL_Mobile-Rgnl.AP.722230	Single-Family Detached	<1940	0.315844079	0.339871483	0.182810224	0.161474214	18100.319669999997
AL_Mobile-Rgnl.AP.722230	Single-Family Detached	2010s	0.17697496699999998	0.405416769	0.238813962	0.17879430100000002	10622.73933
AL_Montgomery-Dannelly.Field.722260	Single-Family Detached	1940-59s	0.421471831	0.319084601	0.145212461	0.114231107	36454.36803
AL_Montgomery-Dannelly.Field.722260	Single-Family Detached	1960-79s	0.308741699	0.364991199	0.21638975100000002	0.109877351	81515.95496
AL_Montgomery-Dannelly.Field.722260	Single-Family Detached	1980-99s	0.225113051	0.36940295100000003	0.17033663	0.235147368	69193.50415
AL_Montgomery-Dannelly.Field.722260	Single-Family Detached	2000-09s	0.19183519899999998	0.38780162700000004	0.22228609100000002	0.198077082	39184.78315
AL_Montgomery-Dannelly.Field.722260	Single-Family Detached	<1940	0.332717711	0.374773433	0.15942229300000002	0.133086562	16417.657430000003
AL_Montgomery-Dannelly.Field.722260	Single-Family Detached	2010s	0.20435013800000001	0.305876854	0.272545544	0.21722746399999998	5797.730642
AR_Fort.Smith.Rgnl.AP.723440	Single-Family Detached	1940-59s	0.536346831	0.340490575	0.06810527599999999	0.055057318	28802.85436
AR_Fort.Smith.Rgnl.AP.723440	Single-Family Detached	1960-79s	0.37367446200000004	0.451050771	0.11956709199999999	0.055707676	67804.79477000001
AR_Fort.Smith.Rgnl.AP.723440	Single-Family Detached	1980-99s	0.238086359	0.48550471700000003	0.19901125600000003	0.077397667	67397.94071
AR_Fort.Smith.Rgnl.AP.723440	Single-Family Detached	2000-09s	0.175095335	0.484046265	0.203137905	0.137720495	35155.17966
AR_Fort.Smith.Rgnl.AP.723440	Single-Family Detached	<1940	0.510574273	0.334928516	0.107670395	0.04682681599999999	15248.020190000001
AR_Fort.Smith.Rgnl.AP.723440	Single-Family Detached	2010s	0.152544304	0.41229934100000004	0.259910302	0.17524605199999999	5051.140041
AR_Little.Rock-Adams.Field.723403	Single-Family Detached	1940-59s	0.459430176	0.30431987899999996	0.114579594	0.121670351	56468.62571
AR_Little.Rock-Adams.Field.723403	Single-Family Detached	1960-79s	0.302586868	0.491395208	0.12092865800000001	0.085089266	130701.5674
AR_Little.Rock-Adams.Field.723403	Single-Family Detached	1980-99s	0.220495835	0.3235028	0.258886482	0.19711488300000002	107372.924
AR_Little.Rock-Adams.Field.723403	Single-Family Detached	2000-09s	0.34194906	0.30773337	0.230594948	0.11972262199999999	62145.58512
AR_Little.Rock-Adams.Field.723403	Single-Family Detached	<1940	0.409744575	0.313414403	0.15709124900000002	0.119749773	21923.923130000003
AR_Little.Rock-Adams.Field.723403	Single-Family Detached	2010s	0.213460889	0.28721974	0.26970600100000003	0.22961336899999998	8973.212523999999
AZ_Flagstaff-Pulliam.AP.723755	Single-Family Detached	1940-59s	0.52724131	0.334541604	0.08881239099999999	0.049404695	5898.185619
AZ_Flagstaff-Pulliam.AP.723755	Single-Family Detached	1960-79s	0.387170378	0.414028157	0.14975638	0.049045085999999995	19602.16098
AZ_Flagstaff-Pulliam.AP.723755	Single-Family Detached	1980-99s	0.315870833	0.42440590799999994	0.167727887	0.09199537199999999	25043.820190000002
AZ_Flagstaff-Pulliam.AP.723755	Single-Family Detached	2000-09s	0.149857007	0.451174385	0.245407341	0.153561267	12581.66134
AZ_Flagstaff-Pulliam.AP.723755	Single-Family Detached	<1940	0.456759975	0.370335905	0.092928571	0.079975549	2432.815576
AZ_Flagstaff-Pulliam.AP.723755	Single-Family Detached	2010s	0.13063646199999998	0.415343888	0.21274717	0.24127247899999998	730.2175772999999
AZ_Phoenix-Sky.Harbor.Intl.AP.722780	Single-Family Detached	1940-59s	0.554301904	0.243610493	0.116645949	0.085441653	88822.31584
AZ_Phoenix-Sky.Harbor.Intl.AP.722780	Single-Family Detached	1960-79s	0.341488585	0.44693161600000003	0.159298768	0.052281032000000005	230514.823
AZ_Phoenix-Sky.Harbor.Intl.AP.722780	Single-Family Detached	1980-99s	0.168282605	0.596034045	0.167226005	0.068457345	378520.0479
AZ_Phoenix-Sky.Harbor.Intl.AP.722780	Single-Family Detached	2000-09s	0.148075756	0.398618698	0.24547054199999999	0.207835004	330933.6113
AZ_Phoenix-Sky.Harbor.Intl.AP.722780	Single-Family Detached	<1940	0.294752626	0.27017597600000004	0.218781122	0.216290276	12526.69582
AZ_Phoenix-Sky.Harbor.Intl.AP.722780	Single-Family Detached	2010s	0.097410413	0.564693084	0.24035604100000002	0.097540462	20069.87945
AZ_Prescott-Love.Field.723723	Single-Family Detached	1940-59s	0.5517390879999999	0.329795299	0.076579865	0.041885748	4020.8876969999997
AZ_Prescott-Love.Field.723723	Single-Family Detached	1960-79s	0.34558866200000005	0.45603405	0.152464398	0.04591289	15516.355580000001
AZ_Prescott-Love.Field.723723	Single-Family Detached	1980-99s	0.22504383100000003	0.5044157220000001	0.18817125199999998	0.082369195	35535.39892
AZ_Prescott-Love.Field.723723	Single-Family Detached	2000-09s	0.18094128199999998	0.433559807	0.23087201699999998	0.15462689400000001	23067.94156
AZ_Prescott-Love.Field.723723	Single-Family Detached	<1940	0.48756663	0.35231640200000003	0.08728877300000001	0.072828196	2462.662709
AZ_Prescott-Love.Field.723723	Single-Family Detached	2010s	0.18379867800000002	0.42826274200000003	0.231215483	0.156723097	1277.6765460000001
AZ_Tucson.Intl.AP.722740	Single-Family Detached	1940-59s	0.379096714	0.38913418899999996	0.120177866	0.111591231	42538.63405
AZ_Tucson.Intl.AP.722740	Single-Family Detached	1960-79s	0.26404318600000004	0.44058442700000006	0.21618360000000003	0.079188787	73627.74295
AZ_Tucson.Intl.AP.722740	Single-Family Detached	1980-99s	0.28090411	0.428467705	0.174958057	0.11567012800000001	89950.6821
AZ_Tucson.Intl.AP.722740	Single-Family Detached	2000-09s	0.18077869	0.474834466	0.22982124399999998	0.11456559999999999	70949.31346
AZ_Tucson.Intl.AP.722740	Single-Family Detached	<1940	0.360869175	0.274578726	0.18441968600000003	0.18013241300000002	9547.609832
AZ_Tucson.Intl.AP.722740	Single-Family Detached	2010s	0.22651419600000003	0.28927012399999996	0.23694046600000002	0.247275214	5202.362913
CA_Arcata.AP.725945	Single-Family Detached	1940-59s	0.531798176	0.331958271	0.083004253	0.0532393	22749.4445
CA_Arcata.AP.725945	Single-Family Detached	1960-79s	0.36718186799999997	0.417426849	0.16076287	0.05462841400000001	27837.16004
CA_Arcata.AP.725945	Single-Family Detached	1980-99s	0.248169967	0.472274485	0.183096032	0.096459517	32419.494469999998
CA_Arcata.AP.725945	Single-Family Detached	2000-09s	0.163469575	0.433433709	0.235579989	0.167516728	13762.42067
CA_Arcata.AP.725945	Single-Family Detached	<1940	0.477889016	0.35877929999999997	0.08959108800000001	0.07374059599999999	10324.62732
CA_Arcata.AP.725945	Single-Family Detached	2010s	0.138828949	0.39759525799999995	0.236049625	0.227526167	985.4378796
CA_Bakersfield-Meadows.Field.723840	Single-Family Detached	1940-59s	0.370829605	0.379587144	0.126698387	0.12288486400000001	43121.62109
CA_Bakersfield-Meadows.Field.723840	Single-Family Detached	1960-79s	0.312414137	0.443224347	0.131786903	0.112574613	49492.73607
CA_Bakersfield-Meadows.Field.723840	Single-Family Detached	1980-99s	0.230307053	0.446480444	0.197352057	0.125860446	57662.03766
CA_Bakersfield-Meadows.Field.723840	Single-Family Detached	2000-09s	0.146808494	0.626383335	0.117206185	0.109601986	44385.741239999996
CA_Bakersfield-Meadows.Field.723840	Single-Family Detached	<1940	0.34873062299999996	0.300517093	0.17728055899999998	0.173471725	13788.48154
CA_Bakersfield-Meadows.Field.723840	Single-Family Detached	2010s	0.125288796	0.6177154260000001	0.131993471	0.12500230699999998	3265.761485
CA_Barstow.Daggett.AP.723815	Single-Family Detached	1940-59s	0.522572218	0.314169766	0.08173897599999999	0.08151904	53849.7999
CA_Barstow.Daggett.AP.723815	Single-Family Detached	1960-79s	0.22182629399999998	0.541619096	0.132791721	0.103762889	81804.34299
CA_Barstow.Daggett.AP.723815	Single-Family Detached	1980-99s	0.269979189	0.410815274	0.17476614899999998	0.144439388	140396.6673
CA_Barstow.Daggett.AP.723815	Single-Family Detached	2000-09s	0.12756667900000002	0.29875269	0.36943646399999996	0.204244166	89586.56581
CA_Barstow.Daggett.AP.723815	Single-Family Detached	<1940	0.6001717320000001	0.133307069	0.10210605	0.164415149	12717.42378
CA_Barstow.Daggett.AP.723815	Single-Family Detached	2010s	0.14706729300000002	0.166920807	0.538936141	0.147075759	3447.9599380000004
CA_Fresno.Air.Terminal.723890	Single-Family Detached	1940-59s	0.358179842	0.379847857	0.136352729	0.125619573	74865.25200000001
CA_Fresno.Air.Terminal.723890	Single-Family Detached	1960-79s	0.345458315	0.371542055	0.183334489	0.099665141	107754.2961
CA_Fresno.Air.Terminal.723890	Single-Family Detached	1980-99s	0.189619498	0.527061552	0.163481339	0.119837611	122490.8726
CA_Fresno.Air.Terminal.723890	Single-Family Detached	2000-09s	0.150875955	0.44878925	0.249793094	0.150541701	83010.61903999999
CA_Fresno.Air.Terminal.723890	Single-Family Detached	<1940	0.37990702	0.279898894	0.17182656100000002	0.168367525	27751.402339999997
CA_Fresno.Air.Terminal.723890	Single-Family Detached	2010s	0.211962701	0.32546338199999997	0.246503652	0.216070265	6823.095211
CA_Long.Beach-Daugherty.Field.722970	Single-Family Detached	1940-59s	0.384226922	0.316068181	0.154685079	0.145019818	542252.6812
CA_Long.Beach-Daugherty.Field.722970	Single-Family Detached	1960-79s	0.23416610000000002	0.427492968	0.185974442	0.15236649	508967.5141
CA_Long.Beach-Daugherty.Field.722970	Single-Family Detached	1980-99s	0.21756687600000002	0.39950076100000004	0.265048318	0.11788404599999999	357642.3635
CA_Long.Beach-Daugherty.Field.722970	Single-Family Detached	2000-09s	0.08879372099999999	0.332488071	0.33430281300000003	0.244415395	173448.1746
CA_Long.Beach-Daugherty.Field.722970	Single-Family Detached	<1940	0.382168064	0.263544176	0.171674667	0.182613093	116052.31599999999
CA_Long.Beach-Daugherty.Field.722970	Single-Family Detached	2010s	0.124687844	0.126614689	0.621935959	0.126761508	12609.9235
CA_Los.Angeles.Intl.AP.722950	Single-Family Detached	1940-59s	0.372739959	0.334349719	0.152980554	0.139929769	385179.5626
CA_Los.Angeles.Intl.AP.722950	Single-Family Detached	1960-79s	0.27135568600000004	0.42328622200000005	0.172377597	0.132980495	242258.8229
CA_Los.Angeles.Intl.AP.722950	Single-Family Detached	1980-99s	0.168467867	0.417394851	0.295348476	0.118788806	177823.6871
CA_Los.Angeles.Intl.AP.722950	Single-Family Detached	2000-09s	0.11988965800000001	0.371882996	0.19990842	0.308318926	72904.12113
CA_Los.Angeles.Intl.AP.722950	Single-Family Detached	<1940	0.350871868	0.295450413	0.17417238300000001	0.17950533600000002	201705.9574
CA_Los.Angeles.Intl.AP.722950	Single-Family Detached	2010s	0.128081532	0.128081785	0.615755151	0.128081532	4823.78849
CA_Sacramento.Exec.AP.724830	Single-Family Detached	1940-59s	0.42274712799999997	0.403716936	0.101927398	0.071608538	195166.3966
CA_Sacramento.Exec.AP.724830	Single-Family Detached	1960-79s	0.324809929	0.456212477	0.139862919	0.079114676	290478.964
CA_Sacramento.Exec.AP.724830	Single-Family Detached	1980-99s	0.176670955	0.5013496120000001	0.22638981800000002	0.095589615	371031.5303
CA_Sacramento.Exec.AP.724830	Single-Family Detached	2000-09s	0.13470356	0.500879238	0.23054583899999997	0.133871362	237376.5857
CA_Sacramento.Exec.AP.724830	Single-Family Detached	<1940	0.46426345	0.297903212	0.134269395	0.103563943	67533.43652999999
CA_Sacramento.Exec.AP.724830	Single-Family Detached	2010s	0.204344195	0.32476652100000003	0.252769234	0.21812005	12710.501909999999
CA_San.Diego-Lindbergh.Field.722900	Single-Family Detached	1940-59s	0.538799398	0.33962407899999997	0.07849493	0.043081593	131136.8859
CA_San.Diego-Lindbergh.Field.722900	Single-Family Detached	1960-79s	0.32412984	0.478977845	0.146818779	0.050073535	212849.0297
CA_San.Diego-Lindbergh.Field.722900	Single-Family Detached	1980-99s	0.217963913	0.49969198200000003	0.184814914	0.097529191	218661.7057
CA_San.Diego-Lindbergh.Field.722900	Single-Family Detached	2000-09s	0.134260706	0.38467892200000003	0.30075684399999997	0.180303527	122925.0054
CA_San.Diego-Lindbergh.Field.722900	Single-Family Detached	<1940	0.502830378	0.323643771	0.09538675	0.0781391	36279.19094
CA_San.Diego-Lindbergh.Field.722900	Single-Family Detached	2010s	0.138227669	0.383885916	0.324213244	0.153673171	7777.033897
CA_San.Francisco.Intl.AP.724940	Single-Family Detached	1940-59s	0.509798082	0.331440155	0.10035231300000001	0.058409450999999994	421765.422
CA_San.Francisco.Intl.AP.724940	Single-Family Detached	1960-79s	0.344889147	0.42797619	0.16370575099999998	0.063428912	455493.9567
CA_San.Francisco.Intl.AP.724940	Single-Family Detached	1980-99s	0.210562847	0.505230039	0.16099343300000002	0.12321368099999999	257759.6095
CA_San.Francisco.Intl.AP.724940	Single-Family Detached	2000-09s	0.144656599	0.5204233779999999	0.186920682	0.14799934	95324.40732
CA_San.Francisco.Intl.AP.724940	Single-Family Detached	<1940	0.373563415	0.38379854399999996	0.14158267	0.10105537199999999	199357.5233
CA_San.Francisco.Intl.AP.724940	Single-Family Detached	2010s	0.205330022	0.331638353	0.25085402	0.21217760600000002	9097.837759
CA_Santa.Maria.Public.AP.723940	Single-Family Detached	1940-59s	0.543770105	0.329763439	0.077304935	0.049161521	26463.87166
CA_Santa.Maria.Public.AP.723940	Single-Family Detached	1960-79s	0.327324745	0.475290823	0.146640569	0.050743863	50198.17846
CA_Santa.Maria.Public.AP.723940	Single-Family Detached	1980-99s	0.20820538800000002	0.515954369	0.17698533100000002	0.09885491099999999	43227.802489999995
CA_Santa.Maria.Public.AP.723940	Single-Family Detached	2000-09s	0.156123068	0.42353028200000004	0.25383879	0.166507861	21076.22923
CA_Santa.Maria.Public.AP.723940	Single-Family Detached	<1940	0.508411261	0.317342742	0.09497715300000001	0.079268845	10682.08955
CA_Santa.Maria.Public.AP.723940	Single-Family Detached	2010s	0.159934236	0.46606400200000003	0.219925311	0.154076451	889.0171538999999
CO_Alamosa.Muni.AP.724620	Single-Family Detached	1940-59s	0.492859861	0.355832574	0.09417557800000001	0.057131987	7817.277440000001
CO_Alamosa.Muni.AP.724620	Single-Family Detached	1960-79s	0.354015774	0.43947684600000003	0.154843452	0.051663928	12855.86508
CO_Alamosa.Muni.AP.724620	Single-Family Detached	1980-99s	0.242357812	0.44463731799999995	0.20441601	0.108588861	18009.95954
CO_Alamosa.Muni.AP.724620	Single-Family Detached	2000-09s	0.15801051	0.43476529	0.250739064	0.156485137	10195.12941
CO_Alamosa.Muni.AP.724620	Single-Family Detached	<1940	0.47001091899999997	0.358164214	0.089936579	0.081888288	10355.10677
CO_Alamosa.Muni.AP.724620	Single-Family Detached	2010s	0.10167220699999999	0.470041892	0.206437024	0.221848877	788.5419659
CO_Boulder-Broomfield-Jefferson.County.AP.724699	Single-Family Detached	1940-59s	0.477338739	0.37615337	0.066822881	0.07968501	121799.15400000001
CO_Boulder-Broomfield-Jefferson.County.AP.724699	Single-Family Detached	1960-79s	0.21479372100000002	0.449583424	0.251229502	0.084393353	217976.8832
CO_Boulder-Broomfield-Jefferson.County.AP.724699	Single-Family Detached	1980-99s	0.181901867	0.39280040899999996	0.240155056	0.185142668	204131.72600000002
CO_Boulder-Broomfield-Jefferson.County.AP.724699	Single-Family Detached	2000-09s	0.12102769099999999	0.537817372	0.202550707	0.13860423	127796.1408
CO_Boulder-Broomfield-Jefferson.County.AP.724699	Single-Family Detached	<1940	0.434493212	0.36263800700000004	0.132911521	0.06995725900000001	68074.97676
CO_Boulder-Broomfield-Jefferson.County.AP.724699	Single-Family Detached	2010s	0.21911376600000002	0.321173634	0.24420083899999998	0.21551176100000002	12921.64523
CO_Colorado.Springs-Peterson.Field.724660	Single-Family Detached	1940-59s	0.250839132	0.445817201	0.152166513	0.151177154	19801.70549
CO_Colorado.Springs-Peterson.Field.724660	Single-Family Detached	1960-79s	0.16239751300000002	0.423062285	0.265574968	0.148965234	66778.6259
CO_Colorado.Springs-Peterson.Field.724660	Single-Family Detached	1980-99s	0.19069844800000002	0.29991350899999997	0.324861878	0.184526165	112629.0985
CO_Colorado.Springs-Peterson.Field.724660	Single-Family Detached	2000-09s	0.100758334	0.504846629	0.245036935	0.149358102	72900.64727999999
CO_Colorado.Springs-Peterson.Field.724660	Single-Family Detached	<1940	0.31201593	0.302376565	0.19763265800000002	0.18797484600000003	13782.12374
CO_Colorado.Springs-Peterson.Field.724660	Single-Family Detached	2010s	0.24712193100000002	0.255133702	0.248369194	0.24937517399999998	6801.658278
CO_Eagle.County.Rgnl.AP.724675	Single-Family Detached	1940-59s	0.544484715	0.32947804	0.07454058400000001	0.051496661	4865.332891
CO_Eagle.County.Rgnl.AP.724675	Single-Family Detached	1960-79s	0.33569192200000003	0.46820164200000003	0.148063978	0.048042457999999996	12108.19175
CO_Eagle.County.Rgnl.AP.724675	Single-Family Detached	1980-99s	0.21233436100000003	0.497480792	0.191947068	0.098237779	16279.24106
CO_Eagle.County.Rgnl.AP.724675	Single-Family Detached	2000-09s	0.14540999	0.414949296	0.269292939	0.170347775	11452.09641
CO_Eagle.County.Rgnl.AP.724675	Single-Family Detached	<1940	0.505783299	0.333639745	0.088306704	0.07227025200000001	6151.701182
CO_Eagle.County.Rgnl.AP.724675	Single-Family Detached	2010s	0.124499266	0.48784543	0.226120123	0.16153518	669.6097992000001
CO_Grand.Junction-Walker.Field.724760	Single-Family Detached	1940-59s	0.5296948770000001	0.34838458200000005	0.081073082	0.040847458999999996	9593.259583
CO_Grand.Junction-Walker.Field.724760	Single-Family Detached	1960-79s	0.33286894100000003	0.471711759	0.152211525	0.043207775	18590.55822
CO_Grand.Junction-Walker.Field.724760	Single-Family Detached	1980-99s	0.216437942	0.507183157	0.187612993	0.088765908	23991.98077
CO_Grand.Junction-Walker.Field.724760	Single-Family Detached	2000-09s	0.155220379	0.431829219	0.255623316	0.157327086	20462.45897
CO_Grand.Junction-Walker.Field.724760	Single-Family Detached	<1940	0.497848623	0.345288152	0.084740024	0.0721232	9227.050867
CO_Grand.Junction-Walker.Field.724760	Single-Family Detached	2010s	0.136613025	0.491605626	0.211844353	0.159936997	1173.320841
CO_Pueblo.Mem.AP.724640	Single-Family Detached	1940-59s	0.549358321	0.346185972	0.06871799	0.035737716	13788.557719999999
CO_Pueblo.Mem.AP.724640	Single-Family Detached	1960-79s	0.322716889	0.481009298	0.15254547	0.043728342	14916.582580000002
CO_Pueblo.Mem.AP.724640	Single-Family Detached	1980-99s	0.182032306	0.517542237	0.198703873	0.101721583	11093.634259999999
CO_Pueblo.Mem.AP.724640	Single-Family Detached	2000-09s	0.127606565	0.423748991	0.26933199399999996	0.17931245	9781.302913
CO_Pueblo.Mem.AP.724640	Single-Family Detached	<1940	0.5386169510000001	0.325877354	0.07267831799999999	0.062827377	13174.49329
CO_Pueblo.Mem.AP.724640	Single-Family Detached	2010s	0.111837533	0.533826507	0.187375787	0.16696017300000002	373.8403925
CT_Bridgeport-Sikorsky.Mem.AP.725040	Single-Family Detached	1940-59s	0.331840201	0.427608355	0.148129683	0.09242176099999999	210872.2692
CT_Bridgeport-Sikorsky.Mem.AP.725040	Single-Family Detached	1960-79s	0.247310058	0.42714718799999996	0.21047782899999998	0.115064926	282066.1841
CT_Bridgeport-Sikorsky.Mem.AP.725040	Single-Family Detached	1980-99s	0.127214636	0.368712114	0.264803463	0.239269786	145721.6518
CT_Bridgeport-Sikorsky.Mem.AP.725040	Single-Family Detached	2000-09s	0.182165595	0.34447835600000004	0.246981327	0.226374722	50963.59454
CT_Bridgeport-Sikorsky.Mem.AP.725040	Single-Family Detached	<1940	0.26427319899999996	0.319369275	0.233067573	0.18328995399999998	110341.3975
CT_Bridgeport-Sikorsky.Mem.AP.725040	Single-Family Detached	2010s	0.182086948	0.19901114399999997	0.315401449	0.30350046	4019.5914270000003
CT_Hartford-Bradley.Intl.AP.725080	Single-Family Detached	1940-59s	0.328512323	0.341281845	0.201481479	0.128724353	158150.0168
CT_Hartford-Bradley.Intl.AP.725080	Single-Family Detached	1960-79s	0.20513757	0.486110727	0.189795303	0.11895639999999999	142459.8883
CT_Hartford-Bradley.Intl.AP.725080	Single-Family Detached	1980-99s	0.18711917100000003	0.535321106	0.153754837	0.123804886	103695.8038
CT_Hartford-Bradley.Intl.AP.725080	Single-Family Detached	2000-09s	0.20528565199999999	0.300682541	0.276004007	0.21802779999999997	41439.22755
CT_Hartford-Bradley.Intl.AP.725080	Single-Family Detached	<1940	0.277867595	0.293921567	0.263941112	0.164269726	102420.9744
CT_Hartford-Bradley.Intl.AP.725080	Single-Family Detached	2010s	0.181971185	0.202767595	0.317752477	0.297508743	3339.748742
DE_Wilmington-New.Castle.County.AP.724089	Single-Family Detached	1940-59s	0.40671250700000006	0.38414698	0.13126771199999998	0.07787280099999999	66907.9062
DE_Wilmington-New.Castle.County.AP.724089	Single-Family Detached	1960-79s	0.21295048800000002	0.47742139299999997	0.210639592	0.098988526	81853.71155
DE_Wilmington-New.Castle.County.AP.724089	Single-Family Detached	1980-99s	0.111654169	0.375986881	0.32496282	0.18739613	94643.20875
DE_Wilmington-New.Castle.County.AP.724089	Single-Family Detached	2000-09s	0.087315825	0.29914337	0.328366913	0.285173892	51608.49568
DE_Wilmington-New.Castle.County.AP.724089	Single-Family Detached	<1940	0.252299877	0.409451274	0.18743527899999998	0.150813569	35974.101989999996
DE_Wilmington-New.Castle.County.AP.724089	Single-Family Detached	2010s	0.156394609	0.29677476199999997	0.238952108	0.307878521	5791.524566
FL_Daytona.Beach.Intl.AP.722056	Single-Family Detached	1940-59s	0.347074648	0.30531979800000003	0.184477478	0.16312807599999998	28406.58587
FL_Daytona.Beach.Intl.AP.722056	Single-Family Detached	1960-79s	0.376705844	0.43148781399999997	0.119428196	0.07237814599999999	63415.049179999995
FL_Daytona.Beach.Intl.AP.722056	Single-Family Detached	1980-99s	0.301594173	0.35001851	0.27957377699999997	0.06881354	124364.04400000001
FL_Daytona.Beach.Intl.AP.722056	Single-Family Detached	2000-09s	0.14466974800000001	0.360574268	0.196968667	0.297787317	79335.30309
FL_Daytona.Beach.Intl.AP.722056	Single-Family Detached	<1940	0.284761176	0.35528118799999997	0.142334296	0.21762334	8783.243213
FL_Daytona.Beach.Intl.AP.722056	Single-Family Detached	2010s	0.206802966	0.288847263	0.265897777	0.238451993	4437.952422
FL_Jacksonville.Intl.AP.722060	Single-Family Detached	1940-59s	0.479335525	0.369363061	0.082766563	0.068534851	71674.18508
FL_Jacksonville.Intl.AP.722060	Single-Family Detached	1960-79s	0.34174673	0.411808871	0.17783000899999998	0.06861439	103074.8687
FL_Jacksonville.Intl.AP.722060	Single-Family Detached	1980-99s	0.260740064	0.414593967	0.261706368	0.062959602	149392.8756
FL_Jacksonville.Intl.AP.722060	Single-Family Detached	2000-09s	0.086181834	0.505300579	0.325016904	0.08350068299999999	106156.5733
FL_Jacksonville.Intl.AP.722060	Single-Family Detached	<1940	0.319674102	0.5025698160000001	0.096149056	0.081607026	21814.08423
FL_Jacksonville.Intl.AP.722060	Single-Family Detached	2010s	0.226880048	0.276707913	0.257347677	0.239064362	10254.76551
FL_Key.West.Intl.AP.722010	Single-Family Detached	1940-59s	0.41450934700000003	0.39450879	0.128582387	0.062399475999999995	1757.089458
FL_Key.West.Intl.AP.722010	Single-Family Detached	1960-79s	0.337349324	0.434349563	0.137642824	0.090658289	3099.5275
FL_Key.West.Intl.AP.722010	Single-Family Detached	1980-99s	0.265082514	0.493510619	0.156717852	0.084689015	3799.4993130000003
FL_Key.West.Intl.AP.722010	Single-Family Detached	2000-09s	0.17677732699999998	0.5084221210000001	0.21420656899999999	0.100593984	1251.426594
FL_Key.West.Intl.AP.722010	Single-Family Detached	<1940	0.36067908299999996	0.409275956	0.137873352	0.092171609	1122.3595109999999
FL_Key.West.Intl.AP.722010	Single-Family Detached	2010s	0.19084966	0.358857934	0.261752925	0.188539481	140.5754675
FL_Miami.Intl.AP.722020	Single-Family Detached	1940-59s	0.463129731	0.38707320100000003	0.042500804	0.107296264	174144.7895
FL_Miami.Intl.AP.722020	Single-Family Detached	1960-79s	0.37605198100000004	0.37071209299999996	0.17169234100000003	0.081543585	223526.9827
FL_Miami.Intl.AP.722020	Single-Family Detached	1980-99s	0.210646206	0.466056566	0.24091686	0.082380368	238872.3625
FL_Miami.Intl.AP.722020	Single-Family Detached	2000-09s	0.235348125	0.295444356	0.243794567	0.225412952	103424.0917
FL_Miami.Intl.AP.722020	Single-Family Detached	<1940	0.265128615	0.164377891	0.11103754199999999	0.45945595200000006	20014.96555
FL_Miami.Intl.AP.722020	Single-Family Detached	2010s	0.222527666	0.288241265	0.257874836	0.231356233	6527.35044
FL_Orlando.Intl.AP.722050	Single-Family Detached	1940-59s	0.473486364	0.325074835	0.11789868099999999	0.08354012	212889.5587
FL_Orlando.Intl.AP.722050	Single-Family Detached	1960-79s	0.423040642	0.375926243	0.132704181	0.06832893400000001	451830.1691
FL_Orlando.Intl.AP.722050	Single-Family Detached	1980-99s	0.297831983	0.381020884	0.240978274	0.08016885900000001	651065.251
FL_Orlando.Intl.AP.722050	Single-Family Detached	2000-09s	0.202568053	0.27676328699999997	0.168768983	0.351899677	424026.7334
FL_Orlando.Intl.AP.722050	Single-Family Detached	<1940	0.23588762100000002	0.373936406	0.225721667	0.164454306	46098.21384
FL_Orlando.Intl.AP.722050	Single-Family Detached	2010s	0.17450748100000002	0.23638847899999998	0.223383503	0.365720537	36693.641910000006
FL_Tallahassee.Rgnl.AP.722140	Single-Family Detached	1940-59s	0.483626286	0.391270323	0.08985237	0.035251021	42236.18041
FL_Tallahassee.Rgnl.AP.722140	Single-Family Detached	1960-79s	0.355617144	0.461635146	0.119814727	0.062932984	80055.20827
FL_Tallahassee.Rgnl.AP.722140	Single-Family Detached	1980-99s	0.257284507	0.49201845200000005	0.166590287	0.084106755	84634.58153
FL_Tallahassee.Rgnl.AP.722140	Single-Family Detached	2000-09s	0.169155165	0.505773105	0.21309971800000002	0.111972012	49663.81738
FL_Tallahassee.Rgnl.AP.722140	Single-Family Detached	<1940	0.40608043899999996	0.43588408100000003	0.10383766	0.054197819	15735.23934
FL_Tallahassee.Rgnl.AP.722140	Single-Family Detached	2010s	0.173072179	0.34657531399999997	0.29036473399999996	0.189987773	4927.900174
FL_West.Palm.Beach.Intl.AP.722030	Single-Family Detached	1940-59s	0.489831941	0.36155658	0.055986354	0.092625126	47714.24224
FL_West.Palm.Beach.Intl.AP.722030	Single-Family Detached	1960-79s	0.37530455100000004	0.388075028	0.155893799	0.080726621	135070.8078
FL_West.Palm.Beach.Intl.AP.722030	Single-Family Detached	1980-99s	0.212482145	0.491514945	0.20981146899999997	0.086191442	226793.0394
FL_West.Palm.Beach.Intl.AP.722030	Single-Family Detached	2000-09s	0.224324849	0.33977596	0.23527035	0.200628841	144217.3053
FL_West.Palm.Beach.Intl.AP.722030	Single-Family Detached	<1940	0.34401978299999997	0.216802388	0.103601844	0.335575986	8920.242131
FL_West.Palm.Beach.Intl.AP.722030	Single-Family Detached	2010s	0.230048129	0.277332291	0.262460511	0.230159069	6559.427591
GA_Athens-Ben.Epps.AP.723110	Single-Family Detached	1940-59s	0.47369670799999997	0.35376655799999995	0.10419134	0.068345394	23867.931
GA_Athens-Ben.Epps.AP.723110	Single-Family Detached	1960-79s	0.33756929	0.42697476799999995	0.150404676	0.085051266	54128.33074
GA_Athens-Ben.Epps.AP.723110	Single-Family Detached	1980-99s	0.24057855600000003	0.440647124	0.185864472	0.132909848	87998.53559
GA_Athens-Ben.Epps.AP.723110	Single-Family Detached	2000-09s	0.150805146	0.448619276	0.242814025	0.157761553	65325.45307999999
GA_Athens-Ben.Epps.AP.723110	Single-Family Detached	<1940	0.35920816899999997	0.40233167799999997	0.133062825	0.10539732800000001	13715.04448
GA_Athens-Ben.Epps.AP.723110	Single-Family Detached	2010s	0.14746535	0.345199925	0.249400444	0.257934281	2957.121609
GA_Atlanta-Hartsfield-Jackson.Intl.AP.722190	Single-Family Detached	1940-59s	0.309179148	0.410177611	0.183741233	0.09690200800000001	106704.3746
GA_Atlanta-Hartsfield-Jackson.Intl.AP.722190	Single-Family Detached	1960-79s	0.212392012	0.428977805	0.215529494	0.143100689	264904.7824
GA_Atlanta-Hartsfield-Jackson.Intl.AP.722190	Single-Family Detached	1980-99s	0.282352142	0.27823628100000003	0.24163756	0.197774017	532679.3024
GA_Atlanta-Hartsfield-Jackson.Intl.AP.722190	Single-Family Detached	2000-09s	0.12690334	0.302265189	0.304129759	0.266701712	346360.3066
GA_Atlanta-Hartsfield-Jackson.Intl.AP.722190	Single-Family Detached	<1940	0.320997301	0.39523913299999996	0.143355375	0.140408191	45641.084610000005
GA_Atlanta-Hartsfield-Jackson.Intl.AP.722190	Single-Family Detached	2010s	0.09823773400000001	0.26634581399999996	0.102400384	0.533016067	18082.46078
GA_Augusta-Bush-Field.722180	Single-Family Detached	1940-59s	0.386408088	0.250108961	0.186808334	0.176674618	25576.53152
GA_Augusta-Bush-Field.722180	Single-Family Detached	1960-79s	0.356281155	0.3770539	0.14045359300000002	0.126211352	51411.55618
GA_Augusta-Bush-Field.722180	Single-Family Detached	1980-99s	0.162698985	0.598858311	0.125679606	0.112763099	51325.39024
GA_Augusta-Bush-Field.722180	Single-Family Detached	2000-09s	0.239012082	0.27932136399999996	0.246960362	0.23470619199999998	28322.772080000002
GA_Augusta-Bush-Field.722180	Single-Family Detached	<1940	0.290979967	0.395848494	0.164151148	0.14902039	10910.58698
GA_Augusta-Bush-Field.722180	Single-Family Detached	2010s	0.243212918	0.258747422	0.252845279	0.245194382	5621.91698
GA_Columbus.Metro.AP.722255	Single-Family Detached	1940-59s	0.507445219	0.372290469	0.085029319	0.035234993	31815.02927
GA_Columbus.Metro.AP.722255	Single-Family Detached	1960-79s	0.35074416700000005	0.457447715	0.129403132	0.062404985999999996	54116.513479999994
GA_Columbus.Metro.AP.722255	Single-Family Detached	1980-99s	0.23930260899999997	0.478214662	0.18691364	0.09556908900000001	49120.95374
GA_Columbus.Metro.AP.722255	Single-Family Detached	2000-09s	0.163280011	0.49538437700000004	0.221635732	0.11969988	29248.78711
GA_Columbus.Metro.AP.722255	Single-Family Detached	<1940	0.38183094	0.433899396	0.116320645	0.06794902	15666.576319999998
GA_Columbus.Metro.AP.722255	Single-Family Detached	2010s	0.16814310300000002	0.354147259	0.291456593	0.186253045	6153.746423
GA_Macon-Middle.Georgia.Rgnl.AP.722170	Single-Family Detached	1940-59s	0.512154726	0.37081499799999995	0.082527208	0.034503068	35476.2735
GA_Macon-Middle.Georgia.Rgnl.AP.722170	Single-Family Detached	1960-79s	0.34963143399999996	0.456681636	0.129759409	0.063927521	69960.30099
GA_Macon-Middle.Georgia.Rgnl.AP.722170	Single-Family Detached	1980-99s	0.23986181899999998	0.48325726799999996	0.18242897	0.09445194300000001	66170.5345
GA_Macon-Middle.Georgia.Rgnl.AP.722170	Single-Family Detached	2000-09s	0.158454389	0.491127345	0.22898448	0.12143378699999999	41204.41537
GA_Macon-Middle.Georgia.Rgnl.AP.722170	Single-Family Detached	<1940	0.38159178200000005	0.442824923	0.109304396	0.066278899	16872.24366
GA_Macon-Middle.Georgia.Rgnl.AP.722170	Single-Family Detached	2010s	0.16833404300000002	0.371402931	0.293536682	0.166726344	3295.480196
GA_Savannah.Intl.AP.722070	Single-Family Detached	1940-59s	0.511500348	0.369590088	0.085264853	0.033644711	25656.13493
GA_Savannah.Intl.AP.722070	Single-Family Detached	1960-79s	0.358192034	0.46232526700000004	0.119608891	0.059873808	45193.25172
GA_Savannah.Intl.AP.722070	Single-Family Detached	1980-99s	0.248087919	0.486073156	0.177235064	0.08860386099999999	61379.11865
GA_Savannah.Intl.AP.722070	Single-Family Detached	2000-09s	0.163422979	0.495428961	0.223739263	0.117408797	51730.56822
GA_Savannah.Intl.AP.722070	Single-Family Detached	<1940	0.402703398	0.440598125	0.100027395	0.056671081	10430.09059
GA_Savannah.Intl.AP.722070	Single-Family Detached	2010s	0.170745029	0.340734397	0.298593421	0.18992715300000002	5380.830876
IA_Des.Moines.Intl.AP.725460	Single-Family Detached	1940-59s	0.361032574	0.41355892899999996	0.12172062800000001	0.103687869	50273.647619999996
IA_Des.Moines.Intl.AP.725460	Single-Family Detached	1960-79s	0.26337720600000003	0.495780172	0.164084596	0.076758026	64991.781070000005
IA_Des.Moines.Intl.AP.725460	Single-Family Detached	1980-99s	0.23132903600000002	0.299727328	0.264626106	0.20431753	47247.31692
IA_Des.Moines.Intl.AP.725460	Single-Family Detached	2000-09s	0.228140203	0.270769255	0.250898439	0.25019210399999997	39152.75973
IA_Des.Moines.Intl.AP.725460	Single-Family Detached	<1940	0.334004144	0.386737455	0.134934828	0.144323574	73814.68024
IA_Des.Moines.Intl.AP.725460	Single-Family Detached	2010s	0.226197478	0.267079076	0.244667037	0.262056409	5826.480022
IA_Mason.City.Muni.AP.725485	Single-Family Detached	1940-59s	0.478242273	0.376420755	0.091919029	0.053417944	28510.82867
IA_Mason.City.Muni.AP.725485	Single-Family Detached	1960-79s	0.319178403	0.447221224	0.164964188	0.068636185	26930.754739999997
IA_Mason.City.Muni.AP.725485	Single-Family Detached	1980-99s	0.18131377199999998	0.42570199200000003	0.285712583	0.10727165300000001	10311.89943
IA_Mason.City.Muni.AP.725485	Single-Family Detached	2000-09s	0.16193959300000002	0.349836744	0.241066979	0.247156684	5485.261461
IA_Mason.City.Muni.AP.725485	Single-Family Detached	<1940	0.396504908	0.43876658399999996	0.104320035	0.060408473	40696.222760000004
IA_Mason.City.Muni.AP.725485	Single-Family Detached	2010s	0.156233649	0.31900269	0.22233639800000002	0.302427264	723.9586485
IA_Sioux.City-Sioux.Gateway.AP.725570	Single-Family Detached	1940-59s	0.473005664	0.377975337	0.08700101699999999	0.062017982	15630.29322
IA_Sioux.City-Sioux.Gateway.AP.725570	Single-Family Detached	1960-79s	0.327246336	0.431132543	0.169833841	0.07178728	19879.70388
IA_Sioux.City-Sioux.Gateway.AP.725570	Single-Family Detached	1980-99s	0.17936509899999997	0.44037376200000006	0.26124853	0.119012608	10311.23008
IA_Sioux.City-Sioux.Gateway.AP.725570	Single-Family Detached	2000-09s	0.142963192	0.36923974600000004	0.216813573	0.270983488	6055.493856
IA_Sioux.City-Sioux.Gateway.AP.725570	Single-Family Detached	<1940	0.41283699	0.42595986	0.10556087	0.05564228	28846.008110000002
IA_Sioux.City-Sioux.Gateway.AP.725570	Single-Family Detached	2010s	0.069809094	0.21749558	0.302670063	0.410025264	722.2675534
IA_Waterloo.Muni.AP.725480	Single-Family Detached	1940-59s	0.484138202	0.380277236	0.086950656	0.048633906	41205.84259
IA_Waterloo.Muni.AP.725480	Single-Family Detached	1960-79s	0.322029112	0.45213389600000004	0.157952437	0.067884555	52793.14344
IA_Waterloo.Muni.AP.725480	Single-Family Detached	1980-99s	0.16499487300000001	0.434234285	0.29003824699999997	0.110732596	26858.954889999997
IA_Waterloo.Muni.AP.725480	Single-Family Detached	2000-09s	0.156672686	0.343812083	0.24055053699999998	0.258964693	22609.99051
IA_Waterloo.Muni.AP.725480	Single-Family Detached	<1940	0.404137635	0.433252233	0.10369913	0.058911002000000004	57954.0939
IA_Waterloo.Muni.AP.725480	Single-Family Detached	2010s	0.089960434	0.324322767	0.19835546	0.38736134	3640.2309960000002
ID_Boise.Air.Terminal.726810	Single-Family Detached	1940-59s	0.55497165	0.330329904	0.07119053	0.043507915999999994	24265.18604
ID_Boise.Air.Terminal.726810	Single-Family Detached	1960-79s	0.34662376	0.46728747600000003	0.14478142	0.041307342999999996	45719.733889999996
ID_Boise.Air.Terminal.726810	Single-Family Detached	1980-99s	0.22530850300000002	0.523325124	0.172398993	0.07896738	64218.84046
ID_Boise.Air.Terminal.726810	Single-Family Detached	2000-09s	0.16129191699999998	0.42930231399999996	0.25440920899999997	0.15499656	61682.63452000001
ID_Boise.Air.Terminal.726810	Single-Family Detached	<1940	0.470823427	0.35946469700000006	0.09599881199999999	0.07371306400000001	14512.890940000001
ID_Boise.Air.Terminal.726810	Single-Family Detached	2010s	0.164814471	0.468267592	0.226364552	0.140553385	5815.140283
ID_Pocatello.Muni.AP.725780	Single-Family Detached	1940-59s	0.534413406	0.340041104	0.082310244	0.043235246	24984.397119999998
ID_Pocatello.Muni.AP.725780	Single-Family Detached	1960-79s	0.34356607899999997	0.469723118	0.14826694199999998	0.038443862	38102.87287
ID_Pocatello.Muni.AP.725780	Single-Family Detached	1980-99s	0.213624862	0.49715513299999997	0.19739301	0.091826996	30217.834689999996
ID_Pocatello.Muni.AP.725780	Single-Family Detached	2000-09s	0.156937305	0.418766025	0.25545625899999996	0.168840412	26705.25404
ID_Pocatello.Muni.AP.725780	Single-Family Detached	<1940	0.467708471	0.35676105	0.0977388	0.07779168	19150.37994
ID_Pocatello.Muni.AP.725780	Single-Family Detached	2010s	0.16485137800000002	0.43864947299999996	0.246485576	0.150013574	2673.5555870000003
IL_Chicago-OHare.Intl.AP.725300	Single-Family Detached	1940-59s	0.440941387	0.371980332	0.118425852	0.068652429	459584.9397
IL_Chicago-OHare.Intl.AP.725300	Single-Family Detached	1960-79s	0.289175864	0.439156893	0.17662603600000001	0.095041208	469586.2705
IL_Chicago-OHare.Intl.AP.725300	Single-Family Detached	1980-99s	0.10098584199999999	0.363089538	0.32151091	0.21441370899999998	345275.3418
IL_Chicago-OHare.Intl.AP.725300	Single-Family Detached	2000-09s	0.046699965	0.175362441	0.34842945	0.42950814299999995	196180.8157
IL_Chicago-OHare.Intl.AP.725300	Single-Family Detached	<1940	0.34672327	0.375228644	0.190747915	0.087300171	290034.9836
IL_Chicago-OHare.Intl.AP.725300	Single-Family Detached	2010s	0.06302772400000001	0.370470257	0.246287373	0.320214646	9565.898386
IL_Moline-Quad.City.Intl.AP.725440	Single-Family Detached	1940-59s	0.428327344	0.28281364800000003	0.170913975	0.117945033	59636.850439999995
IL_Moline-Quad.City.Intl.AP.725440	Single-Family Detached	1960-79s	0.286787775	0.32447077399999996	0.305627659	0.083113792	76722.00961000001
IL_Moline-Quad.City.Intl.AP.725440	Single-Family Detached	1980-99s	0.15817208900000002	0.50525502	0.219710875	0.116862016	35338.129689999994
IL_Moline-Quad.City.Intl.AP.725440	Single-Family Detached	2000-09s	0.13744283300000001	0.471759372	0.19737479	0.193423005	20873.70538
IL_Moline-Quad.City.Intl.AP.725440	Single-Family Detached	<1940	0.41096880799999996	0.391939088	0.117496684	0.079595419	84624.93046
IL_Moline-Quad.City.Intl.AP.725440	Single-Family Detached	2010s	0.165033801	0.28096765	0.222512212	0.331486336	3115.276639
IL_Peoria-Greater.Peoria.AP.725320	Single-Family Detached	1940-59s	0.411090037	0.339805655	0.13851576699999998	0.110588541	68036.95353
