Dependency=Geometry Building Type ACS	Dependency=Location	Option=<1940	Option=1940-59s	Option=1960-79s	Option=1980-99s	Option=2000-09s	Option=2010s	Counts
Single-Family Attached	AL_Birmingham.Muni.AP.722280	0.028081083	0.096061254	0.18723493600000002	0.420861573	0.252821646	0.014939508	13690.81625
Single-Family Attached	AL_Huntsville.Intl.AP-Jones.Field.723230	0.034088657	0.061155414000000005	0.24012799	0.415966209	0.22577884899999998	0.022882881	6870.389655
Single-Family Attached	AL_Mobile-Rgnl.AP.722230	0.027488385	0.096101395	0.212229631	0.428905286	0.21726342699999998	0.018011874	12812.99171
Single-Family Attached	AL_Montgomery-Dannelly.Field.722260	0.057062978	0.113828415	0.29461181399999997	0.314748199	0.19646987100000002	0.023278724	6114.182718
Single-Family Attached	AR_Fort.Smith.Rgnl.AP.723440	0.021782969	0.078088628	0.280441906	0.37682782200000003	0.21567578899999998	0.027182885	4885.778496
Single-Family Attached	AR_Little.Rock-Adams.Field.723403	0.026958554	0.13228321099999998	0.36825775200000005	0.259119585	0.186582119	0.026798779	6899.752772
Single-Family Attached	AZ_Flagstaff-Pulliam.AP.723755	0.041206326	0.074393738	0.21982089100000002	0.401191699	0.247559681	0.015827666	3979.106556
Single-Family Attached	AZ_Phoenix-Sky.Harbor.Intl.AP.722780	0.010418506999999999	0.055078807	0.40154693399999997	0.382396997	0.143441171	0.007117584000000001	73428.70348
Single-Family Attached	AZ_Prescott-Love.Field.723723	0.017400614	0.091750296	0.164044191	0.436058878	0.289353577	0.0013924439999999998	2947.514304
Single-Family Attached	AZ_Tucson.Intl.AP.722740	0.023963755	0.10223856099999999	0.41003696	0.338787866	0.10939265599999999	0.015580202	29030.460430000003
Single-Family Attached	CA_Arcata.AP.725945	0.079814812	0.17741477100000003	0.29250788	0.321022678	0.123480478	0.00575938	4852.386065
Single-Family Attached	CA_Bakersfield-Meadows.Field.723840	0.083450933	0.191711178	0.34265490600000004	0.278893145	0.091452824	0.011837014	8363.776939
Single-Family Attached	CA_Barstow.Daggett.AP.723815	0.03964675	0.103273246	0.372769832	0.33970294	0.12670746	0.017899771999999998	22118.19233
Single-Family Attached	CA_Fresno.Air.Terminal.723890	0.040044422999999996	0.136897734	0.329144287	0.331676732	0.154793346	0.007443478000000001	15632.404680000001
Single-Family Attached	CA_Long.Beach-Daugherty.Field.722970	0.054946256	0.133818875	0.365005377	0.344863144	0.08777348900000001	0.013592858999999999	233626.9193
Single-Family Attached	CA_Los.Angeles.Intl.AP.722950	0.20047556100000002	0.184948467	0.264282591	0.262903618	0.076529848	0.010859915	154661.0952
Single-Family Attached	CA_Sacramento.Exec.AP.724830	0.051434645999999994	0.119350915	0.412669746	0.31381501	0.094200462	0.008529221	80565.28416
Single-Family Attached	CA_San.Diego-Lindbergh.Field.722900	0.034909607	0.09803323	0.335337955	0.38234728799999995	0.137539584	0.011832335	111627.5987
Single-Family Attached	CA_San.Francisco.Intl.AP.724940	0.12146320000000001	0.15216957	0.314076253	0.30096278600000004	0.09726885800000001	0.014059333	243397.7338
Single-Family Attached	CA_Santa.Maria.Public.AP.723940	0.06825150599999999	0.08189416599999999	0.34836231	0.392022802	0.100368902	0.009100315	14574.506609999999
Single-Family Attached	CO_Alamosa.Muni.AP.724620	0.093761315	0.081764195	0.219955817	0.28746123100000004	0.313285861	0.003771581	2791.022247
Single-Family Attached	CO_Boulder-Broomfield-Jefferson.County.AP.724699	0.07402877299999999	0.068487336	0.263903205	0.357172614	0.220284051	0.01612402	92137.88334
Single-Family Attached	CO_Colorado.Springs-Peterson.Field.724660	0.014790075	0.025323052000000002	0.197532166	0.43398855799999997	0.292797121	0.035569027999999996	30890.01566
Single-Family Attached	CO_Eagle.County.Rgnl.AP.724675	0.022221646	0.012560103000000001	0.159801876	0.5141710589999999	0.2870351	0.004210216	8877.941266
Single-Family Attached	CO_Grand.Junction-Walker.Field.724760	0.015505073000000001	0.045152051	0.18281751100000002	0.38798995399999997	0.358326639	0.010208772	3958.8464340000005
Single-Family Attached	CO_Pueblo.Mem.AP.724640	0.062979906	0.115218166	0.21321314	0.36490084	0.241641007	0.002046942	2825.2033030000002
Single-Family Attached	CT_Bridgeport-Sikorsky.Mem.AP.725040	0.080865862	0.094688682	0.24570527399999997	0.421802522	0.143175432	0.013762228	70988.28972
Single-Family Attached	CT_Hartford-Bradley.Intl.AP.725080	0.144458993	0.116405127	0.23855815100000002	0.377052035	0.115219816	0.008305879	44570.82946
Single-Family Attached	DE_Wilmington-New.Castle.County.AP.724089	0.270245229	0.13608009699999998	0.135660579	0.282407748	0.152054408	0.02355194	76326.04613
Single-Family Attached	FL_Daytona.Beach.Intl.AP.722056	0.011065013	0.03474102	0.17987289199999998	0.53909462	0.22493850699999998	0.010287949000000001	16536.836769999998
Single-Family Attached	FL_Jacksonville.Intl.AP.722060	0.016226462	0.050193111	0.149819982	0.39290855	0.357449577	0.033402317	30448.13972
Single-Family Attached	FL_Key.West.Intl.AP.722010	0.045386234000000004	0.14368482	0.295683475	0.31901253399999996	0.172948253	0.023284684	1868.998998
Single-Family Attached	FL_Miami.Intl.AP.722020	0.018055299	0.08915614599999999	0.253510173	0.422170802	0.20495858399999997	0.012148996	157667.9161
Single-Family Attached	FL_Orlando.Intl.AP.722050	0.014503209	0.043663732000000004	0.19938305899999997	0.419225199	0.289611662	0.033613139	160613.9573
Single-Family Attached	FL_Tallahassee.Rgnl.AP.722140	0.016783684	0.083549384	0.18409529100000002	0.469039039	0.224897032	0.021635571	14692.065880000002
Single-Family Attached	FL_West.Palm.Beach.Intl.AP.722030	0.004366393	0.018066851999999998	0.17963787	0.541840648	0.24048152899999997	0.015606708	86874.71267000001
Single-Family Attached	GA_Athens-Ben.Epps.AP.723110	0.033098728	0.067951697	0.204626627	0.379645025	0.300615598	0.014062326000000002	7376.668747
Single-Family Attached	GA_Atlanta-Hartsfield-Jackson.Intl.AP.722190	0.01053378	0.029841582000000002	0.151400011	0.340296032	0.44378594	0.024142654	98933.73472000001
Single-Family Attached	GA_Augusta-Bush-Field.722180	0.025393666000000002	0.036701239	0.137270206	0.311134625	0.424756966	0.064743297	7971.885872
Single-Family Attached	GA_Columbus.Metro.AP.722255	0.08299058200000001	0.152995192	0.197766015	0.27052682100000003	0.245890682	0.049830708	4398.680722
Single-Family Attached	GA_Macon-Middle.Georgia.Rgnl.AP.722170	0.044744828	0.114805335	0.21481242600000003	0.417268673	0.194511629	0.013857109	4522.6433560000005
Single-Family Attached	GA_Savannah.Intl.AP.722070	0.135860589	0.05588836	0.171533005	0.258894763	0.34849732299999997	0.02932596	11443.41745
Single-Family Attached	IA_Des.Moines.Intl.AP.725460	0.046025758	0.045892342	0.184974202	0.30061872300000003	0.371831701	0.050657274	21439.18975
Single-Family Attached	IA_Mason.City.Muni.AP.725485	0.11334602199999999	0.143368606	0.256179158	0.269993294	0.20349170000000003	0.01362122	2513.8654469999997
Single-Family Attached	IA_Sioux.City-Sioux.Gateway.AP.725570	0.08395065	0.22595209800000002	0.219199045	0.23471383899999998	0.181258842	0.054925525999999995	2578.8054230000002
Single-Family Attached	IA_Waterloo.Muni.AP.725480	0.056799036	0.045344635	0.143749958	0.27465493399999996	0.40650565899999996	0.072945778	9725.986256
Single-Family Attached	ID_Boise.Air.Terminal.726810	0.032684133	0.055894189000000004	0.316319605	0.309607635	0.24774549199999998	0.037748947000000005	9810.321719
Single-Family Attached	ID_Pocatello.Muni.AP.725780	0.035840488	0.064162675	0.250402746	0.22443589600000002	0.389017733	0.036140462000000005	5828.650711
Single-Family Attached	IL_Chicago-OHare.Intl.AP.725300	0.05196525900000001	0.085790349	0.21174694600000002	0.385594208	0.255224833	0.009678404	247221.63600000003
Single-Family Attached	IL_Moline-Quad.City.Intl.AP.725440	0.104074255	0.072466262	0.22623056	0.317146004	0.22249054699999998	0.057592372	13541.144390000001
Single-Family Attached	IL_Peoria-Greater.Peoria.AP.725320	0.073241743	0.064201098	0.225996676	0.280797466	0.336024106	0.019738911	11988.58309
Single-Family Attached	IL_Rockford-Greater.Rockford.AP.725430	0.08181269599999999	0.080407358	0.171430563	0.306264514	0.35239460899999997	0.0076902590000000005	15271.58734
Single-Family Attached	IL_Springfield-Capital.AP.724390	0.031747819	0.06867396099999999	0.207368442	0.442642149	0.23307413	0.016493499	9557.039681
Single-Family Attached	IN_Evansville.Rgnl.AP.724320	0.114827111	0.127168602	0.256373563	0.302467445	0.181709605	0.017453673	6300.953487
Single-Family Attached	IN_Fort.Wayne.Intl.AP.725330	0.164231489	0.11353081699999999	0.175557572	0.362384166	0.166779066	0.017516889	7780.225043
Single-Family Attached	IN_Indianapolis.Intl.AP.724380	0.129052805	0.09728997	0.21709455100000002	0.326899139	0.217041928	0.012621607	54259.79391
Single-Family Attached	IN_South.Bend-Michiana.Rgnl.AP.725350	0.091435944	0.152937939	0.250604815	0.33585759600000004	0.15566369800000002	0.013500007	9388.130512
Single-Family Attached	KS_Dodge.City.Rgnl.AP.724510	0.140722202	0.152171434	0.337716024	0.258389221	0.09378227300000001	0.017218846	1829.653318
Single-Family Attached	KS_Goodland-Renner.Field.724650	0.129996251	0.230345667	0.28981339899999997	0.168161851	0.139517705	0.042165127000000004	389.0378845
Single-Family Attached	KS_Topeka-Phillip.Billard.Muni.AP.724560	0.02944707	0.067871536	0.264092661	0.343412834	0.24858157399999997	0.046594325	12587.08736
Single-Family Attached	KS_Wichita-Mid.Continent.AP.724500	0.053862125	0.19718187	0.303823059	0.328389151	0.095634475	0.021109318999999998	11170.923859999999
Single-Family Attached	KY_Cincinnati-Northern.Kentucky.AP.724210	0.131453121	0.07956581	0.214293758	0.36745864	0.18986832	0.017360352	35197.36525
Single-Family Attached	KY_Lexington-Bluegrass.AP.724220	0.045726956	0.059704941	0.206627752	0.38929444799999996	0.255578237	0.043067666	12676.79661
Single-Family Attached	KY_Louisville-Standiford.Field.724230	0.060751069000000005	0.075512251	0.182528208	0.345829858	0.297783305	0.037595308	20814.332290000002
Single-Family Attached	LA_Baton.Rouge-Ryan.AP.722317	0.04336216	0.12321467	0.281270657	0.369027328	0.158868584	0.024256601000000003	9147.753217
Single-Family Attached	LA_Lake.Charles.Rgnl.AP.722400	0.036823495	0.16444457099999998	0.294345539	0.301468152	0.112933948	0.089984295	3131.140726
Single-Family Attached	LA_New.Orleans.Intl.AP.722310	0.222356835	0.222936286	0.24300170100000001	0.17156083800000002	0.127895349	0.01224899	31811.756989999998
Single-Family Attached	LA_Shreveport.Rgnl.AP.722480	0.037533965	0.172479732	0.32813342	0.332895464	0.09841301699999999	0.030544402999999998	9839.886239
Single-Family Attached	MA_Boston-Logan.Intl.AP.725090	0.30491424300000003	0.093498976	0.13108524300000002	0.291901502	0.15289070400000002	0.025709332	94376.03317000001
Single-Family Attached	MA_Worcester.Rgnl.AP.725095	0.229126754	0.078607023	0.10144918800000001	0.33901839899999997	0.22787803399999998	0.023920603	23611.595
Single-Family Attached	MD_Baltimore-Washington.Intl.AP.724060	0.217540574	0.227403888	0.16217483300000002	0.282278408	0.09445013199999999	0.016152165	387585.8445
Single-Family Attached	ME_Caribou.Muni.AP.727120	0.200654988	0.255552477	0.297607054	0.128266485	0.079108318	0.038810678	439.02474810000007
Single-Family Attached	ME_Portland.Intl.Jetport.726060	0.20578737	0.06359432400000001	0.145864665	0.362013404	0.205603769	0.017136467	12955.37148
Single-Family Attached	MI_Alpena.County.Rgnl.AP.726390	0.027585567999999998	0.238035695	0.288662311	0.320883684	0.122869806	0.001962936	876.8372457999999
Single-Family Attached	MI_Detroit.Metro.AP.725370	0.08046742700000001	0.12476367099999999	0.25836411800000003	0.325196693	0.20197571399999997	0.009232378000000001	100848.9398
Single-Family Attached	MI_Flint-Bishop.Intl.AP.726370	0.038946347	0.071878697	0.25466999100000004	0.37896182799999995	0.243122549	0.012420588	30994.2288
Single-Family Attached	MI_Grand.Rapids-Kent.County.Intl.AP.726350	0.05288903	0.063767915	0.203700947	0.434689914	0.22521578	0.019736414	22218.65521
Single-Family Attached	MI_Houghton-Lake.Roscommon.County.AP.726380	0.08920819	0.13312776	0.295358713	0.306263873	0.169341842	0.006699622	1703.4827920000002
Single-Family Attached	MI_Lansing-Capital.City.AP.725390	0.066287519	0.122163033	0.385808486	0.280169497	0.141948046	0.003623419	12973.52336
Single-Family Attached	MI_Muskegon.County.AP.726360	0.053970004	0.087936899	0.139818109	0.468235943	0.233502287	0.016536758000000002	7469.646112
Single-Family Attached	MI_Sault.Ste.Marie-Sanderson.Field.727340	0.146372975	0.356983381	0.337071255	0.090660714	0.06453990799999999	0.004371768	894.5548569
Single-Family Attached	MI_Traverse.City-Cherry.Capital.AP.726387	0.106302064	0.07068952099999999	0.178444486	0.350935812	0.28732663	0.006301487	2627.1710329999996
Single-Family Attached	MN_Duluth.Intl.AP.727450	0.17181530899999997	0.130574774	0.209453897	0.20029155899999998	0.27063888399999997	0.017225577	3582.000458
Single-Family Attached	MN_International.Falls.Intl.AP.727470	0.030265421	0.101416324	0.07917436	0.30571502300000003	0.423475516	0.059953356	763.1225417
Single-Family Attached	MN_Minneapolis-St.Paul.Intl.AP.726580	0.028143962999999998	0.027549632999999997	0.165688455	0.456818595	0.306175034	0.015624321000000002	140999.7214
Single-Family Attached	MN_Rochester.Intl.AP.726440	0.036937436000000004	0.07671716	0.13170210699999998	0.401860561	0.325323459	0.027459276	6725.1632469999995
Single-Family Attached	MN_St.Cloud.Muni.AP.726550	0.035868514	0.034520823	0.098686226	0.35075214600000004	0.459920259	0.020252031	13312.46207
Single-Family Attached	MO_Columbia.Rgnl.AP.724450	0.041097657	0.069920813	0.17976484399999998	0.35472003399999996	0.30399482699999997	0.050501824	9344.676606
Single-Family Attached	MO_Kansas.City.Intl.AP.724460	0.036776284	0.081218133	0.312288665	0.341446979	0.21575106300000002	0.012518875	52728.94215
Single-Family Attached	MO_Springfield.Rgnl.AP.724400	0.026679666	0.031390639	0.177587198	0.47898055700000003	0.257002622	0.028359318999999997	14291.78651
Single-Family Attached	MO_St.Louis-Lambert.Intl.AP.724340	0.09677752699999999	0.077256609	0.198033338	0.330184335	0.2769973	0.020750891	45673.15122
Single-Family Attached	MS_Jackson.Intl.AP.722350	0.039639136	0.10855599699999999	0.326278942	0.396188188	0.12012359199999999	0.009214145	4646.224044
Single-Family Attached	MS_Meridian-Key.Field.722340	0.107052244	0.132796625	0.336200545	0.200017616	0.18070206100000002	0.043230909000000005	2171.825454
Single-Family Attached	MT_Billings-Logan.Intl.AP.726770	0.045766954000000006	0.094452781	0.23438928	0.269166649	0.317622603	0.038601734	3547.5426520000005
Single-Family Attached	MT_Cut.Bank.Muni.AP.727796	0.087757824	0.1956496	0.132858961	0.366294565	0.198524852	0.018914198	227.7923409
Single-Family Attached	MT_Glasgow.Intl.AP.727680	0.091727186	0.13791899900000001	0.415013533	0.175451706	0.177317206	0.00257137	320.5414536
Single-Family Attached	MT_Great.Falls.Intl.AP.727750	0.072323241	0.061871829	0.214335649	0.186365645	0.332454708	0.132648928	1503.276389
Single-Family Attached	MT_Helena.Rgnl.AP.727720	0.03764823	0.034761248	0.142137801	0.25107699699999997	0.442880561	0.091495163	3774.05191
Single-Family Attached	MT_Kalispell-Glacier.Park.Intl.AP.727790	0.036569407000000005	0.082992365	0.08887257900000001	0.453551145	0.315016373	0.022998131	1489.617162
Single-Family Attached	MT_Lewistown.Muni.AP.726776	0.097483501	0.060594725999999995	0.231739623	0.320313547	0.226321933	0.063546671	278.9951659
Single-Family Attached	MT_Miles.City.Muni.AP.742300	0.073400511	0.096918264	0.243357978	0.32485486399999997	0.22611259600000003	0.035355787	233.0260733
Single-Family Attached	MT_Missoula.Intl.AP.727730	0.07725384	0.124446761	0.296573731	0.233415079	0.260241012	0.008069577	2249.359328
Single-Family Attached	NC_Asheville.Rgnl.AP.723150	0.050628777	0.078085244	0.14977429	0.404872736	0.30464927	0.011989683000000001	6652.0035259999995
Single-Family Attached	NC_Cape.Hatteras.723040	0.075589993	0.108119464	0.142536943	0.45657514	0.21055074	0.00662772	1142.959081
Single-Family Attached	NC_Charlotte-Douglas.Intl.AP.723140	0.015316868999999999	0.046895284	0.11512264300000001	0.326452128	0.461030731	0.035182345	42682.58855
Single-Family Attached	NC_Greensboro-Piedmont.Triad.Intl.AP.723170	0.013396762	0.048040554000000006	0.177415507	0.36610503899999997	0.368612848	0.026429288999999998	21805.155280000003
Single-Family Attached	NC_Raleigh-Durham.Intl.AP.723060	0.014302206000000001	0.037611299	0.132716565	0.358455221	0.392522345	0.06439236400000001	60164.09862999999
Single-Family Attached	NC_Wilmington.Intl.AP.723013	0.023658599	0.066749589	0.151758545	0.349332927	0.3299982	0.07850214	27961.243239999996
Single-Family Attached	ND_Bismarck.Muni.AP.727640	0.021025435	0.020419306	0.35288611	0.26148401	0.251633925	0.092551215	3644.347257
Single-Family Attached	ND_Fargo-Hector.Intl.AP.727530	0.023736636000000002	0.040589841	0.161063067	0.327711064	0.417923893	0.0289755	12282.29291
Single-Family Attached	ND_Minot.Intl.AP.727676	0.030782936	0.059533507	0.108539711	0.277658702	0.43192561	0.091559535	3493.352325
Single-Family Attached	NE_Grand.Island-Central.Nebraska.Rgnl.AP.725520	0.092544196	0.09289029900000001	0.18449241	0.339459564	0.23151046100000003	0.05910307	3382.3602490000003
Single-Family Attached	NE_Norfolk-Karl.Stefan.Mem.AP.725560	0.044205071	0.216743648	0.301599035	0.164971399	0.23857569899999997	0.033905149	1170.4132220000001
Single-Family Attached	NE_North.Platte.Rgnl.AP.725620	0.066092233	0.384419175	0.17024923600000003	0.291747167	0.086533628	0.00095856	943.6449412000001
Single-Family Attached	NE_Omaha-Eppley.Airfield.725500	0.077861755	0.08260332299999999	0.256279418	0.29008373600000004	0.26175498	0.031416789	24397.962669999997
Single-Family Attached	NE_Scottsbluff-W.B.Heilig.Field.725660	0.10287693199999999	0.164268016	0.286843327	0.312255632	0.11271614199999999	0.02103995	1214.195911
Single-Family Attached	NH_Concord.Muni.AP.726050	0.106975716	0.047575035	0.17353000300000002	0.5090182560000001	0.1482078	0.014693191000000001	24380.787119999997
Single-Family Attached	NJ_Atlantic.City.Intl.AP.724070	0.072338619	0.068535061	0.216276314	0.40635271100000003	0.21501095399999998	0.021486341000000003	36229.31993
Single-Family Attached	NJ_Newark.Intl.AP.725020	0.13615456199999998	0.08864148699999999	0.165749911	0.464422365	0.134189798	0.010841878000000001	221893.516
Single-Family Attached	NM_Albuquerque.Intl.AP.723650	0.043499932000000005	0.111660618	0.309965282	0.364973961	0.157433441	0.012466766	23052.28599
Single-Family Attached	NM_Tucumcari.AP.723676	0.020481715	0.10740183699999999	0.381301444	0.368584011	0.111777041	0.010453951999999999	1570.6658289999998
Single-Family Attached	NV_Elko.Muni.AP.725825	0.007484333	0.10218744699999999	0.38228570100000003	0.370011436	0.12193873300000001	0.01609235	144.2294876
Single-Family Attached	NV_Ely-Yelland.Field.724860	0.035109608	0.123255215	0.323066511	0.403408143	0.108893548	0.006266976	31.77455223
Single-Family Attached	NV_Las.Vegas-McCarran.Intl.AP.723860	0.002646851	0.020488778	0.18150354600000002	0.5074845960000001	0.27398387399999996	0.013892353999999999	37014.477589999995
Single-Family Attached	NV_Reno-Tahoe.Intl.AP.724880	0.024111538	0.110768243	0.40018406100000004	0.30239520000000003	0.15555132	0.006989638	11382.4991
Single-Family Attached	NV_Tonopah.AP.724855	0.078909253	0.08294324	0.41228635799999996	0.337302036	0.08832530599999999	0.00023380700000000002	112.68908200000001
Single-Family Attached	NV_Winnemucca.Muni.AP.725830	0.035766886	0.138673261	0.318901456	0.341325621	0.04946687599999999	0.115865901	138.80951000000002
Single-Family Attached	NY_Albany.County.AP.725180	0.24382985100000001	0.073025192	0.140386837	0.402330029	0.122441861	0.01798623	20301.46447
Single-Family Attached	NY_Binghamton-Edwin.A.Link.Field.725150	0.295669145	0.16547947699999999	0.14326623900000002	0.30483304699999997	0.08249593599999999	0.008256156	5750.590947
Single-Family Attached	NY_Buffalo-Greater.Buffalo.Intl.AP.725280	0.244907362	0.17495538300000002	0.214112338	0.253005317	0.10291370400000001	0.010105898	14323.773930000001
Single-Family Attached	NY_Massena.AP.726223	0.38447735	0.184716248	0.155380369	0.19339893800000002	0.07593504599999999	0.006092049	926.5397988
Single-Family Attached	NY_New.York-J.F.Kennedy.Intl.AP.744860	0.37066535100000003	0.296107108	0.1423174	0.135679344	0.050548884	0.0046819140000000006	201399.7349
Single-Family Attached	NY_Rochester-Greater.Rochester.Intl.AP.725290	0.22801395	0.056931069	0.254902804	0.348541182	0.097170425	0.014440568999999999	19902.34431
Single-Family Attached	NY_Syracuse-Hancock.Intl.AP.725190	0.238967033	0.113361733	0.13999193599999998	0.315250256	0.155611174	0.036817868	13255.68532
Single-Family Attached	OH_Akron.Canton.Rgnl.AP.725210	0.059764079000000005	0.083666184	0.22281072300000002	0.410005464	0.213217803	0.010535747	23422.15564
Single-Family Attached	OH_Cleveland-Hopkins.Intl.AP.725240	0.192073671	0.139941948	0.208231343	0.283305591	0.167345789	0.009101658	45700.985069999995
Single-Family Attached	OH_Columbus-Port.Columbus.Intl.AP.724280	0.112453329	0.089483354	0.200412669	0.35220886700000004	0.22990031600000002	0.015541466	52890.5887
Single-Family Attached	OH_Dayton.Intl.AP.724290	0.15222134699999998	0.10642881	0.260133497	0.296895984	0.169533629	0.014786733	28448.68976
Single-Family Attached	OH_Mansfield-Lahm.Muni.AP.725246	0.145597038	0.083814026	0.193491277	0.215804045	0.343549139	0.017744475	4095.8779719999998
Single-Family Attached	OH_Toledo.Express.AP.725360	0.103375047	0.103476855	0.23604104199999998	0.333497317	0.217411635	0.006198105	14931.79076
Single-Family Attached	OH_Youngstown.Rgnl.AP.725250	0.13145164199999998	0.127781583	0.179700777	0.353920365	0.191703824	0.015441808999999999	10209.26394
Single-Family Attached	OK_Oklahoma.City-Will.Rogers.World.AP.723530	0.048865804000000006	0.10352863400000001	0.34190014399999996	0.325370602	0.150010144	0.030324672	16400.268490000002
Single-Family Attached	OK_Tulsa.Intl.AP.723560	0.071078965	0.107862612	0.36865259	0.326103336	0.10395820900000001	0.022344289	10363.054090000001
Single-Family Attached	OR_Astoria.Rgnl.AP.727910	0.135298851	0.213042465	0.186067879	0.245962278	0.20924100699999998	0.01038752	826.0574422999999
Single-Family Attached	OR_Burns.Muni.AP.726830	0.130491312	0.200487462	0.237864728	0.221001193	0.207618875	0.0025364289999999998	195.35748130000002
Single-Family Attached	OR_Eugene-Mahlon.Sweet.AP.726930	0.031773025	0.131051916	0.486707741	0.253977326	0.089496955	0.006993035999999999	8054.242745999999
Single-Family Attached	OR_Medford-Rogue.Valley.Intl.AP.725970	0.088323191	0.13299149	0.251842454	0.24456349800000002	0.266683735	0.015595632	6802.586822
Single-Family Attached	OR_North.Bend.Muni.AP.726917	0.07719281	0.17440743	0.347925065	0.12964938199999998	0.269692386	0.001132926	1789.5184370000002
Single-Family Attached	OR_Pendleton-Eastern.Oregon.Rgnl.AP.726880	0.063866218	0.25671905899999997	0.224902202	0.26494704	0.163867192	0.025698289	4119.9301700000005
Single-Family Attached	OR_Portland.Intl.AP.726980	0.053446840999999995	0.069673428	0.23918616199999998	0.27447732199999997	0.343256544	0.019959702	45500.20888
Single-Family Attached	OR_Redmond-Roberts.Field.726835	0.027988223	0.058777842999999996	0.142993867	0.28318587300000003	0.446016585	0.04103761	2709.618226
Single-Family Attached	OR_Salem-McNary.Field.726940	0.034143634	0.13448522699999998	0.326643521	0.333490384	0.159459598	0.011777635	10556.85707
Single-Family Attached	PA_Allentown-Lehigh.Valley.Intl.AP.725170	0.40081610700000003	0.137364013	0.14306206900000001	0.20771182	0.101610169	0.009435823000000001	146354.2386
Single-Family Attached	PA_Bradford.Rgnl.AP.725266	0.46150141899999997	0.240188228	0.130648681	0.103176406	0.059882012000000005	0.004603254	2884.3291059999997
Single-Family Attached	PA_Erie.Intl.AP.725260	0.33254259	0.20096257	0.16029289	0.183556346	0.11135282099999999	0.011292783	5792.20285
Single-Family Attached	PA_Harrisburg-Capital.City.AP.725118	0.34387269	0.149551874	0.101779459	0.228535508	0.155504576	0.020755893	122150.2523
Single-Family Attached	PA_Philadelphia.Intl.AP.724080	0.37256266899999996	0.296853451	0.146097673	0.126415646	0.051247558	0.006823003	572057.3394
Single-Family Attached	PA_Pittsburgh.Intl.AP.725200	0.33994988600000003	0.161423416	0.15053143300000002	0.19859105600000002	0.129897475	0.019606735	86465.00408
Single-Family Attached	PA_Wilkes-Barre-Scranton.Intl.AP.725130	0.54868807	0.20263283	0.09711010699999999	0.09717732800000001	0.04837169400000001	0.006019971	35730.12423
Single-Family Attached	PA_Williamsport.Rgnl.AP.725140	0.5158159729999999	0.17699160000000003	0.086755303	0.134119847	0.075277984	0.011039293	19500.96849
Single-Family Attached	RI_Providence-T.F.Green.State.AP.725070	0.17980785800000001	0.088949401	0.190048388	0.355601162	0.166314809	0.019278382	29791.059310000004
Single-Family Attached	SC_Charleston.Intl.AP.722080	0.044099107	0.038794748999999996	0.20277747	0.256160624	0.413769699	0.04439835	15265.947059999999
Single-Family Attached	SC_Columbia.Metro.AP.723100	0.036657643999999996	0.110626141	0.20570572	0.292101305	0.312754517	0.042154673	8717.776078
Single-Family Attached	SC_Greer.Greenville-Spartanburg.AP.723120	0.019831419	0.09268330000000001	0.18957468600000002	0.385529905	0.288563656	0.023817033999999997	13098.30958
Single-Family Attached	SD_Huron.Rgnl.AP.726540	0.038448616	0.11700634300000001	0.179953692	0.36501539200000005	0.281996233	0.017579723999999998	1512.7019619999999
Single-Family Attached	SD_Pierre.Muni.AP.726686	0.100194849	0.146212692	0.283112568	0.23950174600000002	0.203057058	0.027921087999999997	415.50554520000003
Single-Family Attached	SD_Rapid.City.Rgnl.AP.726620	0.061443347	0.061877333	0.156090664	0.334281161	0.34140334200000005	0.044904152	3438.8645560000004
Single-Family Attached	SD_Sioux.Falls-Foss.Field.726510	0.039426335	0.06176327400000001	0.159634295	0.281503858	0.327066271	0.130605967	7590.072139
Single-Family Attached	TN_Bristol-TriCities.Rgnl.AP.723183	0.062410039	0.09397281800000001	0.19923428699999998	0.395493149	0.23090216100000002	0.017987545	7022.804544
Single-Family Attached	TN_Chattanooga-Lovell.Field.AP.723240	0.028426504	0.11174969900000001	0.171200168	0.3606043	0.294963481	0.033055847	9267.614591
Single-Family Attached	TN_Knoxville-McGhee.Tyson.AP.723260	0.012535784	0.044214988	0.14420585800000002	0.443441221	0.332763425	0.022838723999999998	15743.610009999999
Single-Family Attached	TN_Memphis.Intl.AP.723340	0.055784352999999995	0.123446418	0.323733902	0.357479657	0.133997922	0.005557748	20610.05907
Single-Family Attached	TN_Nashville.Intl.AP.723270	0.018567522	0.06274959299999999	0.215892765	0.34899460200000004	0.313143583	0.040651934	39779.01943
Single-Family Attached	TX_Abilene.Rgnl.AP.722660	0.093120177	0.176673357	0.283005681	0.171637861	0.268126502	0.007436422	2073.915214
Single-Family Attached	TX_Amarillo.Intl.AP.723630	0.07966090599999999	0.155215298	0.30918286	0.306393033	0.12614789699999998	0.023400006	3310.375793
Single-Family Attached	TX_Austin-Mueller.Muni.AP.722540	0.015129707	0.05223431	0.29662532399999997	0.402404902	0.196896638	0.036709119	24518.49379
Single-Family Attached	TX_Brownsville-South.Padre.Island.AP.722500	0.023277164	0.066168911	0.315401285	0.36526745200000005	0.2064244	0.023460788	6679.893322999999
Single-Family Attached	TX_Corpus.Christi.Intl.AP.722510	0.02437151	0.109963351	0.393203594	0.316236428	0.128529477	0.027695638999999998	4763.775077
Single-Family Attached	TX_Dallas-Fort.Worth.Intl.AP.722590	0.042101282000000004	0.099858136	0.24567488399999998	0.36667131799999997	0.21151946	0.03417492	77950.91694
Single-Family Attached	TX_El.Paso.Intl.AP.722700	0.06526731599999999	0.11967530800000001	0.328295512	0.32783497899999997	0.132144981	0.026781904	10813.03002
Single-Family Attached	TX_Houston-Bush.Intercontinental.AP.722430	0.017925555	0.052119397000000005	0.346877215	0.287917296	0.258485109	0.036675427999999996	76642.77888
Single-Family Attached	TX_Lubbock.Intl.AP.722670	0.027826804	0.166123074	0.361135264	0.271325944	0.15755059	0.016038325	4227.884271
Single-Family Attached	TX_Lufkin-Angelina.Co.AP.722446	0.064178521	0.14244673300000002	0.281849682	0.323949733	0.152851442	0.034723889	3127.221599
Single-Family Attached	TX_Midland.Intl.AP.722650	0.007758575	0.19511452199999998	0.411645947	0.335981872	0.036519277	0.012979806000000002	3472.695525
Single-Family Attached	TX_Port.Arthur-Jefferson.Co.AP.722410	0.054709503	0.119769856	0.41647839600000003	0.31661585600000003	0.077203917	0.015222471000000001	2852.615754
Single-Family Attached	TX_San.Angelo-Mathis.AP.722630	0.052017500999999994	0.07832423200000001	0.38734218299999995	0.309836846	0.14691058699999998	0.025568651	1804.266627
Single-Family Attached	TX_San.Antonio.Intl.AP.722530	0.056044755	0.140501316	0.309296157	0.324435837	0.144838204	0.024883732000000002	19463.022780000003
Single-Family Attached	TX_Victoria.Rgnl.AP.722550	0.046798765	0.13236067199999998	0.351237216	0.376777576	0.08931591800000001	0.003509852	1050.747614
Single-Family Attached	TX_Waco.Rgnl.AP.722560	0.026253584	0.107915563	0.356954854	0.25806417800000003	0.215293154	0.035518667000000004	9090.887376
Single-Family Attached	TX_Wichita.Falls.Muni.AP.723510	0.100843791	0.147196948	0.378022643	0.223496028	0.111893146	0.038547445	3999.4872729999997
Single-Family Attached	UT_Cedar.City.Muni.AP.724755	0.012778595	0.025109145	0.11220581	0.499853314	0.343401914	0.006651221999999999	5195.931122
Single-Family Attached	UT_Salt.Lake.City.Intl.AP.725720	0.03213856	0.06829201	0.21717124100000001	0.287533766	0.342875401	0.051989022	49517.47068
Single-Family Attached	VA_Lynchburg.Rgnl.AP-Preston.Glen.Field.724100	0.027466308	0.049663045999999995	0.22451431300000002	0.34444319100000004	0.320768734	0.033144409	9249.793937999999
Single-Family Attached	VA_Norfolk.Intl.AP.723080	0.019443095	0.049450109000000006	0.253933471	0.483279399	0.16225224	0.031641687	77969.60185
Single-Family Attached	VA_Richmond.Intl.AP.724010	0.120671464	0.057246597999999996	0.217751891	0.321418495	0.22069936899999998	0.062212183	37195.496230000004
Single-Family Attached	VA_Roanoke.Rgnl.AP-Woodrum.Field.724110	0.042240948	0.092557617	0.21897203899999998	0.360731246	0.266513714	0.018984436	10643.72644
Single-Family Attached	VA_Sterling-Washington.Dulles.Intl.AP.724030	0.095698145	0.079526635	0.186520457	0.422073377	0.189903354	0.026278032000000003	339398.6479
Single-Family Attached	VT_Burlington.Intl.AP.726170	0.14941169	0.071211228	0.182431814	0.399885541	0.186722687	0.01033704	9365.521008
Single-Family Attached	WA_Olympia.AP.727920	0.052458718	0.103741965	0.257949985	0.296463945	0.260286326	0.029099062999999998	7784.912336
Single-Family Attached	WA_Quillayute.State.AP.727970	0.029486609	0.067483417	0.291438052	0.339888635	0.255528981	0.016174306	1880.739016
Single-Family Attached	WA_Seattle-Tacoma.Intl.AP.727930	0.04935647	0.059323615999999996	0.162076892	0.353988407	0.336762315	0.0384923	68405.18214
Single-Family Attached	WA_Spokane.Intl.AP.727850	0.068777633	0.114380069	0.34449293299999995	0.263617606	0.18151994	0.027211818999999998	10524.212440000001
Single-Family Attached	WA_Yakima.Air.Terminal-McAllister.Field.727810	0.061697033	0.283455947	0.26053765	0.230104809	0.150421818	0.013782743	4919.537881
Single-Family Attached	WI_Eau.Claire.County.AP.726435	0.081511273	0.059664561	0.19465685600000002	0.344435225	0.30894754399999996	0.010784541000000002	7265.188962
Single-Family Attached	WI_Green.Bay-Austin.Straubel.Intl.AP.726450	0.063527956	0.073843753	0.21803957399999999	0.402662056	0.22753453199999998	0.014392128	18615.98208
Single-Family Attached	WI_La.Crosse.Muni.AP.726430	0.101433339	0.082873541	0.217284361	0.339012986	0.215931395	0.043464377	4805.013674
Single-Family Attached	WI_Madison-Dane.County.Rgnl.AP.726410	0.053834819000000006	0.04446757900000001	0.209587854	0.35817315	0.321672516	0.012264083	22256.66791
Single-Family Attached	WI_Milwaukee-Mitchell.Intl.AP.726400	0.14879731699999998	0.14710919	0.227200746	0.271437053	0.19881570699999998	0.006639986999999999	51000.40223
Single-Family Attached	WV_Charleston-Yeager.AP.724140	0.06836487	0.169327173	0.262606346	0.313292885	0.152396259	0.034012467000000005	4012.918349
Single-Family Attached	WV_Elkins-Randolph.County.AP.724170	0.20948518600000002	0.085986546	0.18999867899999998	0.271025051	0.21015904100000002	0.033345497	9627.983574
Single-Family Attached	WV_Huntington-Tri.State.Walker.Long.Field.724250	0.16470487	0.147439702	0.254792234	0.233652506	0.17281085300000001	0.026599836	3118.906177
Single-Family Attached	WY_Casper-Natrona.County.Intl.AP.725690	0.012298058	0.050600252000000005	0.262912684	0.36152434899999997	0.251605401	0.061059254	1051.226315
Single-Family Attached	WY_Cheyenne.Muni.AP.725640	0.066775757	0.07452829400000001	0.187725654	0.30962837	0.29887441800000003	0.062467508	3897.725904
Single-Family Attached	WY_Green.River-Greater.Green.River.Intergalactic.Spaceport.725744	0.05106061	0.033140845	0.195943919	0.347634134	0.345693896	0.026526597000000002	1695.2086170000002
Single-Family Attached	WY_Lander-Hunt.Field.725760	0.039512677	0.057625296	0.19497804600000002	0.35226096100000004	0.336100148	0.019522871	944.8495957999999
Single-Family Attached	WY_Sheridan.County.AP.726660	0.033546654	0.025225422999999997	0.241807157	0.286686968	0.33958436200000003	0.073149436	1542.961018
Single-Family Detached	AL_Birmingham.Muni.AP.722280	0.076503584	0.18399102	0.294852781	0.25813621800000003	0.167917974	0.018598423	439937.338
Single-Family Detached	AL_Huntsville.Intl.AP-Jones.Field.723230	0.05656586	0.140602285	0.32232365399999996	0.295339074	0.15985782199999998	0.025311304	365502.61100000003
Single-Family Detached	AL_Mobile-Rgnl.AP.722230	0.037759394	0.138952201	0.297295967	0.309838092	0.193994065	0.022160282000000003	479359.3857
Single-Family Detached	AL_Montgomery-Dannelly.Field.722260	0.066050021	0.146659887	0.327947553	0.278372993	0.157644644	0.023324901000000002	248563.9984
Single-Family Detached	AR_Fort.Smith.Rgnl.AP.723440	0.069479746	0.131244252	0.308962073	0.307108185	0.160189515	0.023016229	219459.9297
Single-Family Detached	AR_Little.Rock-Adams.Field.723403	0.056565335999999994	0.145693212	0.33721966700000006	0.27703005	0.160340185	0.023151549	387585.8378
Single-Family Detached	AZ_Flagstaff-Pulliam.AP.723755	0.036700217	0.088977024	0.295708217	0.377798316	0.189800535	0.01101569	66288.86128
Single-Family Detached	AZ_Phoenix-Sky.Harbor.Intl.AP.722780	0.01180219	0.08368510700000001	0.21718255600000003	0.356627615	0.311793432	0.018909099999999998	1061387.373
Single-Family Detached	AZ_Prescott-Love.Field.723723	0.030076147	0.049106526	0.189499031	0.433988744	0.281725471	0.015604081	81880.92301
Single-Family Detached	AZ_Tucson.Intl.AP.722740	0.032717872	0.14577193800000002	0.252308495	0.308244153	0.24313001899999998	0.017827523999999997	291816.3453
Single-Family Detached	CA_Arcata.AP.725945	0.09552889099999999	0.21048984399999998	0.257564069	0.299962241	0.127337166	0.00911779	108078.5849
Single-Family Detached	CA_Bakersfield-Meadows.Field.723840	0.065127137	0.203676358	0.23376904699999998	0.27235511	0.209647177	0.015425172	211716.3791
Single-Family Detached	CA_Barstow.Daggett.AP.723815	0.033308884	0.141040887	0.214258124	0.36772041	0.23464095899999998	0.009030736	381802.7597
Single-Family Detached	CA_Fresno.Air.Terminal.723890	0.065653407	0.177113893	0.254921774	0.28978511	0.19638395	0.016141867	422695.5372
Single-Family Detached	CA_Long.Beach-Daugherty.Field.722970	0.067828258	0.316926503	0.297472562	0.209028646	0.101374	0.007370031	1710972.9730000002
Single-Family Detached	CA_Los.Angeles.Intl.AP.722950	0.185956221	0.355103719	0.22334261100000002	0.163938741	0.06721157400000001	0.004447134	1084695.94
Single-Family Detached	CA_Sacramento.Exec.AP.724830	0.057509653	0.166198438	0.24736405	0.315960442	0.202143497	0.010823921	1174297.415
Single-Family Detached	CA_San.Diego-Lindbergh.Field.722900	0.049722802	0.17973094899999997	0.291722332	0.299688952	0.168476075	0.01065889	729628.8514
Single-Family Detached	CA_San.Francisco.Intl.AP.724940	0.138558309	0.293137188	0.316579337	0.179149174	0.066252773	0.006323218	1438798.757
Single-Family Detached	CA_Santa.Maria.Public.AP.723940	0.070029412	0.173491277	0.329088132	0.283391892	0.138171088	0.005828199	152537.1885
Single-Family Detached	CO_Alamosa.Muni.AP.724620	0.172522199	0.130240463	0.21418631100000002	0.300056571	0.169856882	0.013137575	60021.88021
Single-Family Detached	CO_Boulder-Broomfield-Jefferson.County.AP.724699	0.090440985	0.16181622	0.289593106	0.271199128	0.169783515	0.017167047	752700.526
Single-Family Detached	CO_Colorado.Springs-Peterson.Field.724660	0.047087164	0.0676533	0.228151783	0.384801713	0.249067908	0.023238131000000002	292693.8592
Single-Family Detached	CO_Eagle.County.Rgnl.AP.724675	0.119389833	0.094424495	0.234991093	0.315941202	0.22225784899999998	0.012995527	51526.17309
Single-Family Detached	CO_Grand.Junction-Walker.Field.724760	0.111117572	0.11552767300000001	0.22387843300000002	0.28892554	0.24642096300000002	0.014129818999999998	83038.62924
Single-Family Detached	CO_Pueblo.Mem.AP.724640	0.208693567	0.218420795	0.23628953	0.17573124399999998	0.15494296	0.005921904	63128.41116
Single-Family Detached	CT_Bridgeport-Sikorsky.Mem.AP.725040	0.137243158	0.26228393699999997	0.350835269	0.18124928699999998	0.063388763	0.004999587	803984.6885
Single-Family Detached	CT_Hartford-Bradley.Intl.AP.725080	0.18571155600000003	0.28676046	0.258310837	0.1880231	0.075138354	0.006055693000000001	551505.6596
Single-Family Detached	DE_Wilmington-New.Castle.County.AP.724089	0.106818143	0.19867009600000002	0.243048777	0.281024717	0.153241454	0.017196813000000002	336778.9487
Single-Family Detached	FL_Daytona.Beach.Intl.AP.722056	0.028448472000000002	0.092007467	0.205398076	0.40280872799999995	0.256962957	0.014374298999999998	308742.1777
Single-Family Detached	FL_Jacksonville.Intl.AP.722060	0.047179119000000005	0.15501567	0.22292851800000002	0.323104291	0.229593575	0.022178827	462367.3524
Single-Family Detached	FL_Key.West.Intl.AP.722010	0.100475515	0.157297609	0.277474925	0.340137581	0.112029818	0.012584553	11170.477840000001
Single-Family Detached	FL_Miami.Intl.AP.722020	0.026111794	0.227191643	0.291616319	0.311636108	0.134928466	0.008515669	766510.5424
Single-Family Detached	FL_Orlando.Intl.AP.722050	0.025292507000000002	0.116805191	0.247903701	0.357217149	0.23264891	0.020132541	1822603.5680000002
Single-Family Detached	FL_Tallahassee.Rgnl.AP.722140	0.056754096	0.15233808699999998	0.288744321	0.305261273	0.179128199	0.017774024	277252.9271
Single-Family Detached	FL_West.Palm.Beach.Intl.AP.722030	0.015669476	0.083815795	0.23726809100000001	0.39838920299999997	0.25333501199999997	0.011522422	569275.0644
Single-Family Detached	GA_Athens-Ben.Epps.AP.723110	0.05530429	0.0962446	0.218266072	0.354843655	0.26341714	0.011924242	247992.4165
Single-Family Detached	GA_Atlanta-Hartsfield-Jackson.Intl.AP.722190	0.034724623999999996	0.081182762	0.201544707	0.405272766	0.263517653	0.013757488	1314372.311
Single-Family Detached	GA_Augusta-Bush-Field.722180	0.063005518	0.147697151	0.296887025	0.29638944100000003	0.163555904	0.032464962	173168.754
Single-Family Detached	GA_Columbus.Metro.AP.722255	0.084173872	0.170936786	0.29075890000000004	0.26391859999999995	0.15714879999999998	0.033063042	186121.6063
Single-Family Detached	GA_Macon-Middle.Georgia.Rgnl.AP.722170	0.072419513	0.152272246	0.300285547	0.284019006	0.17685873600000002	0.014144951999999999	232979.2482
Single-Family Detached	GA_Savannah.Intl.AP.722070	0.052210495999999995	0.12842837	0.226226425	0.307248937	0.25895064100000004	0.02693513	199769.995
Single-Family Detached	IA_Des.Moines.Intl.AP.725460	0.26239932899999996	0.17871474	0.23103534	0.16795662100000003	0.13918177	0.0207122	281306.6656
Single-Family Detached	IA_Mason.City.Muni.AP.725485	0.361233897	0.25307208	0.23904679199999998	0.091532023	0.048689098	0.00642611	112658.9257
