Location,Vintage,Electricity,Fuel Oil,Natural Gas,None,Other Fuel,Propane/LPG
USA_AL_Birmingham.Muni.AP.722280_TMY3.epw,pre-1950,0.284697072850539,0,0.429847690980024,0,5.86733670503679E-02,0.22678143307281
USA_AL_Birmingham.Muni.AP.722280_TMY3.epw,1950s,0.217172422012486,0,0.6557505933246,0,9.93199440318241E-02,2.77565580081292E-02
USA_AL_Birmingham.Muni.AP.722280_TMY3.epw,1960s,0.308057359361509,0,0.525635648462916,0,8.03840673307324E-02,8.59222451331224E-02
USA_AL_Birmingham.Muni.AP.722280_TMY3.epw,1970s,0.542890240095781,0,0.229434842981182,0,4.28735200680245E-02,0.184801098134912
USA_AL_Birmingham.Muni.AP.722280_TMY3.epw,1980s,0.499337733456711,0,0.260072782407289,0,0.09627310883443,0.144315874501359
USA_AL_Birmingham.Muni.AP.722280_TMY3.epw,1990s,0.629796013716661,0,0.221101388026493,0,0.026525393864871,0.122576973784056
USA_AL_Birmingham.Muni.AP.722280_TMY3.epw,2000s,0.552772319446667,0,0.285330845558645,0,0.052217285666098,0.109679336063677
USA_AL_Huntsville.Intl.AP-Jones.Field.723230_TMY3.epw,pre-1950,0.284697072850539,0,0.429847690980024,0,5.86733670503679E-02,0.22678143307281
USA_AL_Huntsville.Intl.AP-Jones.Field.723230_TMY3.epw,1950s,0.217172422012486,0,0.6557505933246,0,9.93199440318241E-02,2.77565580081292E-02
USA_AL_Huntsville.Intl.AP-Jones.Field.723230_TMY3.epw,1960s,0.308057359361509,0,0.525635648462916,0,8.03840673307324E-02,8.59222451331224E-02
USA_AL_Huntsville.Intl.AP-Jones.Field.723230_TMY3.epw,1970s,0.542890240095781,0,0.229434842981182,0,4.28735200680245E-02,0.184801098134912
USA_AL_Huntsville.Intl.AP-Jones.Field.723230_TMY3.epw,1980s,0.499337733456711,0,0.260072782407289,0,0.09627310883443,0.144315874501359
USA_AL_Huntsville.Intl.AP-Jones.Field.723230_TMY3.epw,1990s,0.629796013716661,0,0.221101388026493,0,0.026525393864871,0.122576973784056
USA_AL_Huntsville.Intl.AP-Jones.Field.723230_TMY3.epw,2000s,0.552772319446667,0,0.285330845558645,0,0.052217285666098,0.109679336063677
USA_AL_Mobile-Rgnl.AP.722230_TMY3.epw,pre-1950,0.284697072850539,0,0.429847690980024,0,5.86733670503679E-02,0.22678143307281
USA_AL_Mobile-Rgnl.AP.722230_TMY3.epw,1950s,0.217172422012486,0,0.6557505933246,0,9.93199440318241E-02,2.77565580081292E-02
USA_AL_Mobile-Rgnl.AP.722230_TMY3.epw,1960s,0.308057359361509,0,0.525635648462916,0,8.03840673307324E-02,8.59222451331224E-02
USA_AL_Mobile-Rgnl.AP.722230_TMY3.epw,1970s,0.542890240095781,0,0.229434842981182,0,4.28735200680245E-02,0.184801098134912
USA_AL_Mobile-Rgnl.AP.722230_TMY3.epw,1980s,0.499337733456711,0,0.260072782407289,0,0.09627310883443,0.144315874501359
USA_AL_Mobile-Rgnl.AP.722230_TMY3.epw,1990s,0.629796013716661,0,0.221101388026493,0,0.026525393864871,0.122576973784056
USA_AL_Mobile-Rgnl.AP.722230_TMY3.epw,2000s,0.552772319446667,0,0.285330845558645,0,0.052217285666098,0.109679336063677
USA_AL_Montgomery-Dannelly.Field.722260_TMY3.epw,pre-1950,0.284697072850539,0,0.429847690980024,0,5.86733670503679E-02,0.22678143307281
USA_AL_Montgomery-Dannelly.Field.722260_TMY3.epw,1950s,0.217172422012486,0,0.6557505933246,0,9.93199440318241E-02,2.77565580081292E-02
USA_AL_Montgomery-Dannelly.Field.722260_TMY3.epw,1960s,0.308057359361509,0,0.525635648462916,0,8.03840673307324E-02,8.59222451331224E-02
USA_AL_Montgomery-Dannelly.Field.722260_TMY3.epw,1970s,0.542890240095781,0,0.229434842981182,0,4.28735200680245E-02,0.184801098134912
USA_AL_Montgomery-Dannelly.Field.722260_TMY3.epw,1980s,0.499337733456711,0,0.260072782407289,0,0.09627310883443,0.144315874501359
USA_AL_Montgomery-Dannelly.Field.722260_TMY3.epw,1990s,0.629796013716661,0,0.221101388026493,0,0.026525393864871,0.122576973784056
USA_AL_Montgomery-Dannelly.Field.722260_TMY3.epw,2000s,0.552772319446667,0,0.285330845558645,0,0.052217285666098,0.109679336063677
USA_AR_Fort.Smith.Rgnl.AP.723440_TMY3.epw,pre-1950,0.201029256674481,0,0.678319417645551,0,0,0.12065083701443
USA_AR_Fort.Smith.Rgnl.AP.723440_TMY3.epw,1950s,0.298889138472366,0,0.701110241187588,0,0,0
USA_AR_Fort.Smith.Rgnl.AP.723440_TMY3.epw,1960s,0.126513159112151,0,0.705890721450779,3.27605670278349E-02,0,0.134835104895352
USA_AR_Fort.Smith.Rgnl.AP.723440_TMY3.epw,1970s,0.347831116980302,0,0.552319231867655,0,0,9.98490762921815E-02
USA_AR_Fort.Smith.Rgnl.AP.723440_TMY3.epw,1980s,0.365329934437502,0,0.32609179874128,0,6.46370876462822E-02,0.243940736479717
USA_AR_Fort.Smith.Rgnl.AP.723440_TMY3.epw,1990s,0.629744454178129,0,0.310186682625185,0,6.00683236686782E-02,0
USA_AR_Fort.Smith.Rgnl.AP.723440_TMY3.epw,2000s,0.656248598489336,0,0.140537873566208,0,0.135475431805679,6.77377061532002E-02
USA_AR_Little.Rock-Adams.Field.723403_TMY3.epw,pre-1950,0.201029256674481,0,0.678319417645551,0,0,0.12065083701443
USA_AR_Little.Rock-Adams.Field.723403_TMY3.epw,1950s,0.298889138472366,0,0.701110241187588,0,0,0
USA_AR_Little.Rock-Adams.Field.723403_TMY3.epw,1960s,0.126513159112151,0,0.705890721450779,3.27605670278349E-02,0,0.134835104895352
USA_AR_Little.Rock-Adams.Field.723403_TMY3.epw,1970s,0.347831116980302,0,0.552319231867655,0,0,9.98490762921815E-02
USA_AR_Little.Rock-Adams.Field.723403_TMY3.epw,1980s,0.365329934437502,0,0.32609179874128,0,6.46370876462822E-02,0.243940736479717
USA_AR_Little.Rock-Adams.Field.723403_TMY3.epw,1990s,0.629744454178129,0,0.310186682625185,0,6.00683236686782E-02,0
USA_AR_Little.Rock-Adams.Field.723403_TMY3.epw,2000s,0.656248598489336,0,0.140537873566208,0,0.135475431805679,6.77377061532002E-02
USA_AZ_Flagstaff-Pulliam.AP.723755_TMY3.epw,pre-1950,0.639536402063807,0,0.360455394114988,0,0,0
USA_AZ_Flagstaff-Pulliam.AP.723755_TMY3.epw,1950s,0,0,0.999994318583982,0,0,0
USA_AZ_Flagstaff-Pulliam.AP.723755_TMY3.epw,1960s,0.632323043259702,0,0.23262181606755,0.135052501336988,0,0
USA_AZ_Flagstaff-Pulliam.AP.723755_TMY3.epw,1970s,0.405348794260918,0,0.523463948848315,0,0,7.11863937411583E-02
USA_AZ_Flagstaff-Pulliam.AP.723755_TMY3.epw,1980s,0.698420007032468,0,0.233428428651391,0,6.81505441321396E-02,0
USA_AZ_Flagstaff-Pulliam.AP.723755_TMY3.epw,1990s,0.461225393925093,0,0.442839792764542,5.41271438783105E-02,0,4.18071318911484E-02
USA_AZ_Flagstaff-Pulliam.AP.723755_TMY3.epw,2000s,0.331394397848669,0,0.668604887091095,0,0,0
USA_AZ_Phoenix-Sky.Harbor.Intl.AP.722780_TMY3.epw,pre-1950,0.639536402063807,0,0.360455394114988,0,0,0
USA_AZ_Phoenix-Sky.Harbor.Intl.AP.722780_TMY3.epw,1950s,0,0,0.999994318583982,0,0,0
USA_AZ_Phoenix-Sky.Harbor.Intl.AP.722780_TMY3.epw,1960s,0.632323043259702,0,0.23262181606755,0.135052501336988,0,0
USA_AZ_Phoenix-Sky.Harbor.Intl.AP.722780_TMY3.epw,1970s,0.405348794260918,0,0.523463948848315,0,0,7.11863937411583E-02
USA_AZ_Phoenix-Sky.Harbor.Intl.AP.722780_TMY3.epw,1980s,0.698420007032468,0,0.233428428651391,0,6.81505441321396E-02,0
USA_AZ_Phoenix-Sky.Harbor.Intl.AP.722780_TMY3.epw,1990s,0.461225393925093,0,0.442839792764542,5.41271438783105E-02,0,4.18071318911484E-02
USA_AZ_Phoenix-Sky.Harbor.Intl.AP.722780_TMY3.epw,2000s,0.331394397848669,0,0.668604887091095,0,0,0
USA_AZ_Prescott-Love.Field.723723_TMY3.epw,pre-1950,0.639536402063807,0,0.360455394114988,0,0,0
USA_AZ_Prescott-Love.Field.723723_TMY3.epw,1950s,0,0,0.999994318583982,0,0,0
USA_AZ_Prescott-Love.Field.723723_TMY3.epw,1960s,0.632323043259702,0,0.23262181606755,0.135052501336988,0,0
USA_AZ_Prescott-Love.Field.723723_TMY3.epw,1970s,0.405348794260918,0,0.523463948848315,0,0,7.11863937411583E-02
USA_AZ_Prescott-Love.Field.723723_TMY3.epw,1980s,0.698420007032468,0,0.233428428651391,0,6.81505441321396E-02,0
USA_AZ_Prescott-Love.Field.723723_TMY3.epw,1990s,0.461225393925093,0,0.442839792764542,5.41271438783105E-02,0,4.18071318911484E-02
USA_AZ_Prescott-Love.Field.723723_TMY3.epw,2000s,0.331394397848669,0,0.668604887091095,0,0,0
USA_AZ_Tucson.Intl.AP.722740_TMY3.epw,pre-1950,0.639536402063807,0,0.360455394114988,0,0,0
USA_AZ_Tucson.Intl.AP.722740_TMY3.epw,1950s,0,0,0.999994318583982,0,0,0
USA_AZ_Tucson.Intl.AP.722740_TMY3.epw,1960s,0.632323043259702,0,0.23262181606755,0.135052501336988,0,0
USA_AZ_Tucson.Intl.AP.722740_TMY3.epw,1970s,0.405348794260918,0,0.523463948848315,0,0,7.11863937411583E-02
USA_AZ_Tucson.Intl.AP.722740_TMY3.epw,1980s,0.698420007032468,0,0.233428428651391,0,6.81505441321396E-02,0
USA_AZ_Tucson.Intl.AP.722740_TMY3.epw,1990s,0.461225393925093,0,0.442839792764542,5.41271438783105E-02,0,4.18071318911484E-02
USA_AZ_Tucson.Intl.AP.722740_TMY3.epw,2000s,0.331394397848669,0,0.668604887091095,0,0,0
USA_CA_Arcata.AP.725945_TMY3.epw,pre-1950,7.98546836414059E-02,0,0.749502022056972,0.115928523877356,4.17739123962049E-02,1.29406057669718E-02
USA_CA_Arcata.AP.725945_TMY3.epw,1950s,0.107620330253295,0,0.741715135936038,0.128291582584518,1.29225297313875E-02,9.45023678925686E-03
USA_CA_Arcata.AP.725945_TMY3.epw,1960s,9.64116988737349E-02,0,0.752627057537217,0.116847397651111,2.28266488142758E-02,1.12869772055184E-02
USA_CA_Arcata.AP.725945_TMY3.epw,1970s,0.189329974358479,0,0.663920916570836,5.78353448360902E-02,6.84936596961217E-02,2.04198690184237E-02
USA_CA_Arcata.AP.725945_TMY3.epw,1980s,0.134116549954209,0,0.668284753255216,8.21002049928596E-02,7.50603347837294E-02,4.04378694118306E-02
USA_CA_Arcata.AP.725945_TMY3.epw,1990s,0.172160075461936,8.85406889653908E-03,0.679946922273632,5.93972556907689E-02,9.36212187160317E-03,7.02792363680714E-02
USA_CA_Arcata.AP.725945_TMY3.epw,2000s,0.11705460861207,0.013019913744531,0.758962310521279,2.72852962656741E-02,1.00798389205842E-02,7.35976096769909E-02
USA_CA_Bakersfield-Meadows.Field.723840_TMY3.epw,pre-1950,7.98546836414059E-02,0,0.749502022056972,0.115928523877356,4.17739123962049E-02,1.29406057669718E-02
USA_CA_Bakersfield-Meadows.Field.723840_TMY3.epw,1950s,0.107620330253295,0,0.741715135936038,0.128291582584518,1.29225297313875E-02,9.45023678925686E-03
USA_CA_Bakersfield-Meadows.Field.723840_TMY3.epw,1960s,9.64116988737349E-02,0,0.752627057537217,0.116847397651111,2.28266488142758E-02,1.12869772055184E-02
USA_CA_Bakersfield-Meadows.Field.723840_TMY3.epw,1970s,0.189329974358479,0,0.663920916570836,5.78353448360902E-02,6.84936596961217E-02,2.04198690184237E-02
USA_CA_Bakersfield-Meadows.Field.723840_TMY3.epw,1980s,0.134116549954209,0,0.668284753255216,8.21002049928596E-02,7.50603347837294E-02,4.04378694118306E-02
USA_CA_Bakersfield-Meadows.Field.723840_TMY3.epw,1990s,0.172160075461936,8.85406889653908E-03,0.679946922273632,5.93972556907689E-02,9.36212187160317E-03,7.02792363680714E-02
USA_CA_Bakersfield-Meadows.Field.723840_TMY3.epw,2000s,0.11705460861207,0.013019913744531,0.758962310521279,2.72852962656741E-02,1.00798389205842E-02,7.35976096769909E-02
USA_CA_Barstow.Daggett.AP.723815_TMY3.epw,pre-1950,7.98546836414059E-02,0,0.749502022056972,0.115928523877356,4.17739123962049E-02,1.29406057669718E-02
USA_CA_Barstow.Daggett.AP.723815_TMY3.epw,1950s,0.107620330253295,0,0.741715135936038,0.128291582584518,1.29225297313875E-02,9.45023678925686E-03
USA_CA_Barstow.Daggett.AP.723815_TMY3.epw,1960s,9.64116988737349E-02,0,0.752627057537217,0.116847397651111,2.28266488142758E-02,1.12869772055184E-02
USA_CA_Barstow.Daggett.AP.723815_TMY3.epw,1970s,0.189329974358479,0,0.663920916570836,5.78353448360902E-02,6.84936596961217E-02,2.04198690184237E-02
USA_CA_Barstow.Daggett.AP.723815_TMY3.epw,1980s,0.134116549954209,0,0.668284753255216,8.21002049928596E-02,7.50603347837294E-02,4.04378694118306E-02
USA_CA_Barstow.Daggett.AP.723815_TMY3.epw,1990s,0.172160075461936,8.85406889653908E-03,0.679946922273632,5.93972556907689E-02,9.36212187160317E-03,7.02792363680714E-02
USA_CA_Barstow.Daggett.AP.723815_TMY3.epw,2000s,0.11705460861207,0.013019913744531,0.758962310521279,2.72852962656741E-02,1.00798389205842E-02,7.35976096769909E-02
USA_CA_Fresno.Air.Terminal.723890_TMY3.epw,pre-1950,7.98546836414059E-02,0,0.749502022056972,0.115928523877356,4.17739123962049E-02,1.29406057669718E-02
USA_CA_Fresno.Air.Terminal.723890_TMY3.epw,1950s,0.107620330253295,0,0.741715135936038,0.128291582584518,1.29225297313875E-02,9.45023678925686E-03
USA_CA_Fresno.Air.Terminal.723890_TMY3.epw,1960s,9.64116988737349E-02,0,0.752627057537217,0.116847397651111,2.28266488142758E-02,1.12869772055184E-02
USA_CA_Fresno.Air.Terminal.723890_TMY3.epw,1970s,0.189329974358479,0,0.663920916570836,5.78353448360902E-02,6.84936596961217E-02,2.04198690184237E-02
USA_CA_Fresno.Air.Terminal.723890_TMY3.epw,1980s,0.134116549954209,0,0.668284753255216,8.21002049928596E-02,7.50603347837294E-02,4.04378694118306E-02
USA_CA_Fresno.Air.Terminal.723890_TMY3.epw,1990s,0.172160075461936,8.85406889653908E-03,0.679946922273632,5.93972556907689E-02,9.36212187160317E-03,7.02792363680714E-02
USA_CA_Fresno.Air.Terminal.723890_TMY3.epw,2000s,0.11705460861207,0.013019913744531,0.758962310521279,2.72852962656741E-02,1.00798389205842E-02,7.35976096769909E-02
USA_CA_Long.Beach-Daugherty.Field.722970_TMY3.epw,pre-1950,7.98546836414059E-02,0,0.749502022056972,0.115928523877356,4.17739123962049E-02,1.29406057669718E-02
USA_CA_Long.Beach-Daugherty.Field.722970_TMY3.epw,1950s,0.107620330253295,0,0.741715135936038,0.128291582584518,1.29225297313875E-02,9.45023678925686E-03
USA_CA_Long.Beach-Daugherty.Field.722970_TMY3.epw,1960s,9.64116988737349E-02,0,0.752627057537217,0.116847397651111,2.28266488142758E-02,1.12869772055184E-02
USA_CA_Long.Beach-Daugherty.Field.722970_TMY3.epw,1970s,0.189329974358479,0,0.663920916570836,5.78353448360902E-02,6.84936596961217E-02,2.04198690184237E-02
USA_CA_Long.Beach-Daugherty.Field.722970_TMY3.epw,1980s,0.134116549954209,0,0.668284753255216,8.21002049928596E-02,7.50603347837294E-02,4.04378694118306E-02
USA_CA_Long.Beach-Daugherty.Field.722970_TMY3.epw,1990s,0.172160075461936,8.85406889653908E-03,0.679946922273632,5.93972556907689E-02,9.36212187160317E-03,7.02792363680714E-02
USA_CA_Long.Beach-Daugherty.Field.722970_TMY3.epw,2000s,0.11705460861207,0.013019913744531,0.758962310521279,2.72852962656741E-02,1.00798389205842E-02,7.35976096769909E-02
USA_CA_Los.Angeles.Intl.AP.722950_TMY3.epw,pre-1950,7.98546836414059E-02,0,0.749502022056972,0.115928523877356,4.17739123962049E-02,1.29406057669718E-02
USA_CA_Los.Angeles.Intl.AP.722950_TMY3.epw,1950s,0.107620330253295,0,0.741715135936038,0.128291582584518,1.29225297313875E-02,9.45023678925686E-03
USA_CA_Los.Angeles.Intl.AP.722950_TMY3.epw,1960s,9.64116988737349E-02,0,0.752627057537217,0.116847397651111,2.28266488142758E-02,1.12869772055184E-02
USA_CA_Los.Angeles.Intl.AP.722950_TMY3.epw,1970s,0.189329974358479,0,0.663920916570836,5.78353448360902E-02,6.84936596961217E-02,2.04198690184237E-02
USA_CA_Los.Angeles.Intl.AP.722950_TMY3.epw,1980s,0.134116549954209,0,0.668284753255216,8.21002049928596E-02,7.50603347837294E-02,4.04378694118306E-02
USA_CA_Los.Angeles.Intl.AP.722950_TMY3.epw,1990s,0.172160075461936,8.85406889653908E-03,0.679946922273632,5.93972556907689E-02,9.36212187160317E-03,7.02792363680714E-02
USA_CA_Los.Angeles.Intl.AP.722950_TMY3.epw,2000s,0.11705460861207,0.013019913744531,0.758962310521279,2.72852962656741E-02,1.00798389205842E-02,7.35976096769909E-02
USA_CA_Sacramento.Exec.AP.724830_TMY3.epw,pre-1950,7.98546836414059E-02,0,0.749502022056972,0.115928523877356,4.17739123962049E-02,1.29406057669718E-02
USA_CA_Sacramento.Exec.AP.724830_TMY3.epw,1950s,0.107620330253295,0,0.741715135936038,0.128291582584518,1.29225297313875E-02,9.45023678925686E-03
USA_CA_Sacramento.Exec.AP.724830_TMY3.epw,1960s,9.64116988737349E-02,0,0.752627057537217,0.116847397651111,2.28266488142758E-02,1.12869772055184E-02
USA_CA_Sacramento.Exec.AP.724830_TMY3.epw,1970s,0.189329974358479,0,0.663920916570836,5.78353448360902E-02,6.84936596961217E-02,2.04198690184237E-02
USA_CA_Sacramento.Exec.AP.724830_TMY3.epw,1980s,0.134116549954209,0,0.668284753255216,8.21002049928596E-02,7.50603347837294E-02,4.04378694118306E-02
USA_CA_Sacramento.Exec.AP.724830_TMY3.epw,1990s,0.172160075461936,8.85406889653908E-03,0.679946922273632,5.93972556907689E-02,9.36212187160317E-03,7.02792363680714E-02
USA_CA_Sacramento.Exec.AP.724830_TMY3.epw,2000s,0.11705460861207,0.013019913744531,0.758962310521279,2.72852962656741E-02,1.00798389205842E-02,7.35976096769909E-02
USA_CA_San.Diego-Lindbergh.Field.722900_TMY3.epw,pre-1950,7.98546836414059E-02,0,0.749502022056972,0.115928523877356,4.17739123962049E-02,1.29406057669718E-02
USA_CA_San.Diego-Lindbergh.Field.722900_TMY3.epw,1950s,0.107620330253295,0,0.741715135936038,0.128291582584518,1.29225297313875E-02,9.45023678925686E-03
USA_CA_San.Diego-Lindbergh.Field.722900_TMY3.epw,1960s,9.64116988737349E-02,0,0.752627057537217,0.116847397651111,2.28266488142758E-02,1.12869772055184E-02
USA_CA_San.Diego-Lindbergh.Field.722900_TMY3.epw,1970s,0.189329974358479,0,0.663920916570836,5.78353448360902E-02,6.84936596961217E-02,2.04198690184237E-02
USA_CA_San.Diego-Lindbergh.Field.722900_TMY3.epw,1980s,0.134116549954209,0,0.668284753255216,8.21002049928596E-02,7.50603347837294E-02,4.04378694118306E-02
USA_CA_San.Diego-Lindbergh.Field.722900_TMY3.epw,1990s,0.172160075461936,8.85406889653908E-03,0.679946922273632,5.93972556907689E-02,9.36212187160317E-03,7.02792363680714E-02
USA_CA_San.Diego-Lindbergh.Field.722900_TMY3.epw,2000s,0.11705460861207,0.013019913744531,0.758962310521279,2.72852962656741E-02,1.00798389205842E-02,7.35976096769909E-02
USA_CA_San.Francisco.Intl.AP.724940_TMY3.epw,pre-1950,7.98546836414059E-02,0,0.749502022056972,0.115928523877356,4.17739123962049E-02,1.29406057669718E-02
USA_CA_San.Francisco.Intl.AP.724940_TMY3.epw,1950s,0.107620330253295,0,0.741715135936038,0.128291582584518,1.29225297313875E-02,9.45023678925686E-03
USA_CA_San.Francisco.Intl.AP.724940_TMY3.epw,1960s,9.64116988737349E-02,0,0.752627057537217,0.116847397651111,2.28266488142758E-02,1.12869772055184E-02
USA_CA_San.Francisco.Intl.AP.724940_TMY3.epw,1970s,0.189329974358479,0,0.663920916570836,5.78353448360902E-02,6.84936596961217E-02,2.04198690184237E-02
USA_CA_San.Francisco.Intl.AP.724940_TMY3.epw,1980s,0.134116549954209,0,0.668284753255216,8.21002049928596E-02,7.50603347837294E-02,4.04378694118306E-02
USA_CA_San.Francisco.Intl.AP.724940_TMY3.epw,1990s,0.172160075461936,8.85406889653908E-03,0.679946922273632,5.93972556907689E-02,9.36212187160317E-03,7.02792363680714E-02
USA_CA_San.Francisco.Intl.AP.724940_TMY3.epw,2000s,0.11705460861207,0.013019913744531,0.758962310521279,2.72852962656741E-02,1.00798389205842E-02,7.35976096769909E-02
USA_CA_Santa.Maria.Public.AP.723940_TMY3.epw,pre-1950,7.98546836414059E-02,0,0.749502022056972,0.115928523877356,4.17739123962049E-02,1.29406057669718E-02
USA_CA_Santa.Maria.Public.AP.723940_TMY3.epw,1950s,0.107620330253295,0,0.741715135936038,0.128291582584518,1.29225297313875E-02,9.45023678925686E-03
USA_CA_Santa.Maria.Public.AP.723940_TMY3.epw,1960s,9.64116988737349E-02,0,0.752627057537217,0.116847397651111,2.28266488142758E-02,1.12869772055184E-02
USA_CA_Santa.Maria.Public.AP.723940_TMY3.epw,1970s,0.189329974358479,0,0.663920916570836,5.78353448360902E-02,6.84936596961217E-02,2.04198690184237E-02
USA_CA_Santa.Maria.Public.AP.723940_TMY3.epw,1980s,0.134116549954209,0,0.668284753255216,8.21002049928596E-02,7.50603347837294E-02,4.04378694118306E-02
USA_CA_Santa.Maria.Public.AP.723940_TMY3.epw,1990s,0.172160075461936,8.85406889653908E-03,0.679946922273632,5.93972556907689E-02,9.36212187160317E-03,7.02792363680714E-02
USA_CA_Santa.Maria.Public.AP.723940_TMY3.epw,2000s,0.11705460861207,0.013019913744531,0.758962310521279,2.72852962656741E-02,1.00798389205842E-02,7.35976096769909E-02
USA_CO_Alamosa.Muni.AP.724620_TMY3.epw,pre-1950,0,0,0.896826425036129,0.103172168152344,0,0
USA_CO_Alamosa.Muni.AP.724620_TMY3.epw,1950s,0,0,0.955235234250053,0,0,4.47627973560891E-02
USA_CO_Alamosa.Muni.AP.724620_TMY3.epw,1960s,0,0,0.99999342677079,0,0,0
USA_CO_Alamosa.Muni.AP.724620_TMY3.epw,1970s,0.176016064742753,0,0.686231252443638,0,0.050621041691192,8.71310021204119E-02
USA_CO_Alamosa.Muni.AP.724620_TMY3.epw,1980s,7.41815239039953E-02,0,0.822942751373261,0,0,0.102874014462581
USA_CO_Alamosa.Muni.AP.724620_TMY3.epw,1990s,0.120381208724611,0,0.675426796794343,0,1.73946092776253E-02,0.186796506897496
USA_CO_Alamosa.Muni.AP.724620_TMY3.epw,2000s,2.49115475020701E-02,0,0.794827082433343,0,0.146673042927941,3.35870808879952E-02
USA_CO_Boulder-Broomfield-Jefferson.County.AP.724699_TMY3.epw,pre-1950,0,0,0.896826425036129,0.103172168152344,0,0
USA_CO_Boulder-Broomfield-Jefferson.County.AP.724699_TMY3.epw,1950s,0,0,0.955235234250053,0,0,4.47627973560891E-02
USA_CO_Boulder-Broomfield-Jefferson.County.AP.724699_TMY3.epw,1960s,0,0,0.99999342677079,0,0,0
USA_CO_Boulder-Broomfield-Jefferson.County.AP.724699_TMY3.epw,1970s,0.176016064742753,0,0.686231252443638,0,0.050621041691192,8.71310021204119E-02
USA_CO_Boulder-Broomfield-Jefferson.County.AP.724699_TMY3.epw,1980s,7.41815239039953E-02,0,0.822942751373261,0,0,0.102874014462581
USA_CO_Boulder-Broomfield-Jefferson.County.AP.724699_TMY3.epw,1990s,0.120381208724611,0,0.675426796794343,0,1.73946092776253E-02,0.186796506897496
USA_CO_Boulder-Broomfield-Jefferson.County.AP.724699_TMY3.epw,2000s,2.49115475020701E-02,0,0.794827082433343,0,0.146673042927941,3.35870808879952E-02
USA_CO_Colorado.Springs-Peterson.Field.724660_TMY3.epw,pre-1950,0,0,0.896826425036129,0.103172168152344,0,0
USA_CO_Colorado.Springs-Peterson.Field.724660_TMY3.epw,1950s,0,0,0.955235234250053,0,0,4.47627973560891E-02
USA_CO_Colorado.Springs-Peterson.Field.724660_TMY3.epw,1960s,0,0,0.99999342677079,0,0,0
USA_CO_Colorado.Springs-Peterson.Field.724660_TMY3.epw,1970s,0.176016064742753,0,0.686231252443638,0,0.050621041691192,8.71310021204119E-02
USA_CO_Colorado.Springs-Peterson.Field.724660_TMY3.epw,1980s,7.41815239039953E-02,0,0.822942751373261,0,0,0.102874014462581
USA_CO_Colorado.Springs-Peterson.Field.724660_TMY3.epw,1990s,0.120381208724611,0,0.675426796794343,0,1.73946092776253E-02,0.186796506897496
USA_CO_Colorado.Springs-Peterson.Field.724660_TMY3.epw,2000s,2.49115475020701E-02,0,0.794827082433343,0,0.146673042927941,3.35870808879952E-02
USA_CO_Eagle.County.Rgnl.AP.724675_TMY3.epw,pre-1950,0,0,0.896826425036129,0.103172168152344,0,0
USA_CO_Eagle.County.Rgnl.AP.724675_TMY3.epw,1950s,0,0,0.955235234250053,0,0,4.47627973560891E-02
USA_CO_Eagle.County.Rgnl.AP.724675_TMY3.epw,1960s,0,0,0.99999342677079,0,0,0
USA_CO_Eagle.County.Rgnl.AP.724675_TMY3.epw,1970s,0.176016064742753,0,0.686231252443638,0,0.050621041691192,8.71310021204119E-02
USA_CO_Eagle.County.Rgnl.AP.724675_TMY3.epw,1980s,7.41815239039953E-02,0,0.822942751373261,0,0,0.102874014462581
USA_CO_Eagle.County.Rgnl.AP.724675_TMY3.epw,1990s,0.120381208724611,0,0.675426796794343,0,1.73946092776253E-02,0.186796506897496
USA_CO_Eagle.County.Rgnl.AP.724675_TMY3.epw,2000s,2.49115475020701E-02,0,0.794827082433343,0,0.146673042927941,3.35870808879952E-02
USA_CO_Grand.Junction-Walker.Field.724760_TMY3.epw,pre-1950,0,0,0.896826425036129,0.103172168152344,0,0
USA_CO_Grand.Junction-Walker.Field.724760_TMY3.epw,1950s,0,0,0.955235234250053,0,0,4.47627973560891E-02
USA_CO_Grand.Junction-Walker.Field.724760_TMY3.epw,1960s,0,0,0.99999342677079,0,0,0
USA_CO_Grand.Junction-Walker.Field.724760_TMY3.epw,1970s,0.176016064742753,0,0.686231252443638,0,0.050621041691192,8.71310021204119E-02
USA_CO_Grand.Junction-Walker.Field.724760_TMY3.epw,1980s,7.41815239039953E-02,0,0.822942751373261,0,0,0.102874014462581
USA_CO_Grand.Junction-Walker.Field.724760_TMY3.epw,1990s,0.120381208724611,0,0.675426796794343,0,1.73946092776253E-02,0.186796506897496
USA_CO_Grand.Junction-Walker.Field.724760_TMY3.epw,2000s,2.49115475020701E-02,0,0.794827082433343,0,0.146673042927941,3.35870808879952E-02
USA_CO_Pueblo.Mem.AP.724640_TMY3.epw,pre-1950,0,0,0.896826425036129,0.103172168152344,0,0
USA_CO_Pueblo.Mem.AP.724640_TMY3.epw,1950s,0,0,0.955235234250053,0,0,4.47627973560891E-02
USA_CO_Pueblo.Mem.AP.724640_TMY3.epw,1960s,0,0,0.99999342677079,0,0,0
USA_CO_Pueblo.Mem.AP.724640_TMY3.epw,1970s,0.176016064742753,0,0.686231252443638,0,0.050621041691192,8.71310021204119E-02
USA_CO_Pueblo.Mem.AP.724640_TMY3.epw,1980s,7.41815239039953E-02,0,0.822942751373261,0,0,0.102874014462581
USA_CO_Pueblo.Mem.AP.724640_TMY3.epw,1990s,0.120381208724611,0,0.675426796794343,0,1.73946092776253E-02,0.186796506897496
USA_CO_Pueblo.Mem.AP.724640_TMY3.epw,2000s,2.49115475020701E-02,0,0.794827082433343,0,0.146673042927941,3.35870808879952E-02
USA_CT_Bridgeport-Sikorsky.Mem.AP.725040_TMY3.epw,pre-1950,0,0.681253126293101,0.197854552796754,0,9.82381416898351E-02,0.022654158447597
USA_CT_Bridgeport-Sikorsky.Mem.AP.725040_TMY3.epw,1950s,1.60420190710736E-02,0.77793142363422,0.123419795045893,0,8.26067340775889E-02,0
USA_CT_Bridgeport-Sikorsky.Mem.AP.725040_TMY3.epw,1960s,0,0.728213142721441,0.13412609835592,0,9.85177271883661E-02,3.91429816547806E-02
USA_CT_Bridgeport-Sikorsky.Mem.AP.725040_TMY3.epw,1970s,1.87655213941374E-02,0.491260569485278,0.153441580083062,0,0.279434839676554,5.70974551011855E-02
USA_CT_Bridgeport-Sikorsky.Mem.AP.725040_TMY3.epw,1980s,7.38111934789746E-02,0.594735724352798,0.155791669897919,0,0.143316413293687,3.23449575945144E-02
USA_CT_Bridgeport-Sikorsky.Mem.AP.725040_TMY3.epw,1990s,0,0.608673217512586,0.130135602346705,0,0.20783588080362,5.33552310744592E-02
USA_CT_Bridgeport-Sikorsky.Mem.AP.725040_TMY3.epw,2000s,0,0.659555962280124,9.87192653417425E-02,0,0.149957947028537,9.17667766828075E-02
USA_CT_Hartford-Bradley.Intl.AP.725080_TMY3.epw,pre-1950,0,0.681253126293101,0.197854552796754,0,9.82381416898351E-02,0.022654158447597
USA_CT_Hartford-Bradley.Intl.AP.725080_TMY3.epw,1950s,1.60420190710736E-02,0.77793142363422,0.123419795045893,0,8.26067340775889E-02,0
USA_CT_Hartford-Bradley.Intl.AP.725080_TMY3.epw,1960s,0,0.728213142721441,0.13412609835592,0,9.85177271883661E-02,3.91429816547806E-02
USA_CT_Hartford-Bradley.Intl.AP.725080_TMY3.epw,1970s,1.87655213941374E-02,0.491260569485278,0.153441580083062,0,0.279434839676554,5.70974551011855E-02
USA_CT_Hartford-Bradley.Intl.AP.725080_TMY3.epw,1980s,7.38111934789746E-02,0.594735724352798,0.155791669897919,0,0.143316413293687,3.23449575945144E-02
USA_CT_Hartford-Bradley.Intl.AP.725080_TMY3.epw,1990s,0,0.608673217512586,0.130135602346705,0,0.20783588080362,5.33552310744592E-02
USA_CT_Hartford-Bradley.Intl.AP.725080_TMY3.epw,2000s,0,0.659555962280124,9.87192653417425E-02,0,0.149957947028537,9.17667766828075E-02
USA_DE_Wilmington-New.Castle.County.AP.724089_TMY3.epw,pre-1950,0.110020227896165,0.384525340215011,0.398819000404492,0,0.106635146830664,0
USA_DE_Wilmington-New.Castle.County.AP.724089_TMY3.epw,1950s,0.161747857822011,0.196519177241711,0.388183437021985,0,6.41954582253671E-02,0.189353480505019
USA_DE_Wilmington-New.Castle.County.AP.724089_TMY3.epw,1960s,0.505952381192706,0.167150281530751,0.272413337426251,0,5.44834346045159E-02,0
USA_DE_Wilmington-New.Castle.County.AP.724089_TMY3.epw,1970s,0.485746701857941,0.12515572970938,0.389096244883774,0,0,0
USA_DE_Wilmington-New.Castle.County.AP.724089_TMY3.epw,1980s,0.822954147303404,4.28726136372153E-02,9.06394453535446E-02,0,4.35333231628835E-02,0
USA_DE_Wilmington-New.Castle.County.AP.724089_TMY3.epw,1990s,0.306562934482027,3.67853904338484E-02,0.616360436802629,0,4.02908345480902E-02,0
USA_DE_Wilmington-New.Castle.County.AP.724089_TMY3.epw,2000s,0.473271076336784,0,0.272255997154343,0,0,0.254471593559301
USA_FL_Daytona.Beach.Intl.AP.722056_TMY3.epw,pre-1950,0.736682941922882,0,0.128164890523505,0.079432088640382,0.027358163882502,2.83612490235649E-02
USA_FL_Daytona.Beach.Intl.AP.722056_TMY3.epw,1950s,0.820420004890023,0,4.89275334626624E-02,8.26710731940595E-02,0.014745588389853,3.32354542055521E-02
USA_FL_Daytona.Beach.Intl.AP.722056_TMY3.epw,1960s,0.751807315820782,0,0.119070590251138,0.113814230918192,1.53075222007577E-02,0
USA_FL_Daytona.Beach.Intl.AP.722056_TMY3.epw,1970s,0.820777831529727,0,0.121409060191241,5.78128458652384E-02,0,0
USA_FL_Daytona.Beach.Intl.AP.722056_TMY3.epw,1980s,0.864530956756974,0,3.01458811690063E-02,7.64421309064005E-02,0,2.88807930557964E-02
USA_FL_Daytona.Beach.Intl.AP.722056_TMY3.epw,1990s,0.91652624228022,0,6.06498608517941E-02,2.28236445997229E-02,0,0
USA_FL_Daytona.Beach.Intl.AP.722056_TMY3.epw,2000s,0.8281559678712,0,0.102580820084936,4.73430441169929E-02,0,2.19199815519529E-02
USA_FL_Jacksonville.Intl.AP.722060_TMY3.epw,pre-1950,0.736682941922882,0,0.128164890523505,0.079432088640382,0.027358163882502,2.83612490235649E-02
USA_FL_Jacksonville.Intl.AP.722060_TMY3.epw,1950s,0.820420004890023,0,4.89275334626624E-02,8.26710731940595E-02,0.014745588389853,3.32354542055521E-02
USA_FL_Jacksonville.Intl.AP.722060_TMY3.epw,1960s,0.751807315820782,0,0.119070590251138,0.113814230918192,1.53075222007577E-02,0
USA_FL_Jacksonville.Intl.AP.722060_TMY3.epw,1970s,0.820777831529727,0,0.121409060191241,5.78128458652384E-02,0,0
USA_FL_Jacksonville.Intl.AP.722060_TMY3.epw,1980s,0.864530956756974,0,3.01458811690063E-02,7.64421309064005E-02,0,2.88807930557964E-02
USA_FL_Jacksonville.Intl.AP.722060_TMY3.epw,1990s,0.91652624228022,0,6.06498608517941E-02,2.28236445997229E-02,0,0
USA_FL_Jacksonville.Intl.AP.722060_TMY3.epw,2000s,0.8281559678712,0,0.102580820084936,4.73430441169929E-02,0,2.19199815519529E-02
USA_FL_Key.West.Intl.AP.722010_TMY3.epw,pre-1950,0.736682941922882,0,0.128164890523505,0.079432088640382,0.027358163882502,2.83612490235649E-02
USA_FL_Key.West.Intl.AP.722010_TMY3.epw,1950s,0.820420004890023,0,4.89275334626624E-02,8.26710731940595E-02,0.014745588389853,3.32354542055521E-02
USA_FL_Key.West.Intl.AP.722010_TMY3.epw,1960s,0.751807315820782,0,0.119070590251138,0.113814230918192,1.53075222007577E-02,0
USA_FL_Key.West.Intl.AP.722010_TMY3.epw,1970s,0.820777831529727,0,0.121409060191241,5.78128458652384E-02,0,0
USA_FL_Key.West.Intl.AP.722010_TMY3.epw,1980s,0.864530956756974,0,3.01458811690063E-02,7.64421309064005E-02,0,2.88807930557964E-02
USA_FL_Key.West.Intl.AP.722010_TMY3.epw,1990s,0.91652624228022,0,6.06498608517941E-02,2.28236445997229E-02,0,0
USA_FL_Key.West.Intl.AP.722010_TMY3.epw,2000s,0.8281559678712,0,0.102580820084936,4.73430441169929E-02,0,2.19199815519529E-02
USA_FL_Miami.Intl.AP.722020_TMY3.epw,pre-1950,0.736682941922882,0,0.128164890523505,0.079432088640382,0.027358163882502,2.83612490235649E-02
USA_FL_Miami.Intl.AP.722020_TMY3.epw,1950s,0.820420004890023,0,4.89275334626624E-02,8.26710731940595E-02,0.014745588389853,3.32354542055521E-02
USA_FL_Miami.Intl.AP.722020_TMY3.epw,1960s,0.751807315820782,0,0.119070590251138,0.113814230918192,1.53075222007577E-02,0
USA_FL_Miami.Intl.AP.722020_TMY3.epw,1970s,0.820777831529727,0,0.121409060191241,5.78128458652384E-02,0,0
USA_FL_Miami.Intl.AP.722020_TMY3.epw,1980s,0.864530956756974,0,3.01458811690063E-02,7.64421309064005E-02,0,2.88807930557964E-02
USA_FL_Miami.Intl.AP.722020_TMY3.epw,1990s,0.91652624228022,0,6.06498608517941E-02,2.28236445997229E-02,0,0
USA_FL_Miami.Intl.AP.722020_TMY3.epw,2000s,0.8281559678712,0,0.102580820084936,4.73430441169929E-02,0,2.19199815519529E-02
USA_FL_Orlando.Intl.AP.722050_TMY3.epw,pre-1950,0.736682941922882,0,0.128164890523505,0.079432088640382,0.027358163882502,2.83612490235649E-02
USA_FL_Orlando.Intl.AP.722050_TMY3.epw,1950s,0.820420004890023,0,4.89275334626624E-02,8.26710731940595E-02,0.014745588389853,3.32354542055521E-02
USA_FL_Orlando.Intl.AP.722050_TMY3.epw,1960s,0.751807315820782,0,0.119070590251138,0.113814230918192,1.53075222007577E-02,0
USA_FL_Orlando.Intl.AP.722050_TMY3.epw,1970s,0.820777831529727,0,0.121409060191241,5.78128458652384E-02,0,0
USA_FL_Orlando.Intl.AP.722050_TMY3.epw,1980s,0.864530956756974,0,3.01458811690063E-02,7.64421309064005E-02,0,2.88807930557964E-02
USA_FL_Orlando.Intl.AP.722050_TMY3.epw,1990s,0.91652624228022,0,6.06498608517941E-02,2.28236445997229E-02,0,0
USA_FL_Orlando.Intl.AP.722050_TMY3.epw,2000s,0.8281559678712,0,0.102580820084936,4.73430441169929E-02,0,2.19199815519529E-02
USA_FL_Tallahassee.Rgnl.AP.722140_TMY3.epw,pre-1950,0.736682941922882,0,0.128164890523505,0.079432088640382,0.027358163882502,2.83612490235649E-02
USA_FL_Tallahassee.Rgnl.AP.722140_TMY3.epw,1950s,0.820420004890023,0,4.89275334626624E-02,8.26710731940595E-02,0.014745588389853,3.32354542055521E-02
USA_FL_Tallahassee.Rgnl.AP.722140_TMY3.epw,1960s,0.751807315820782,0,0.119070590251138,0.113814230918192,1.53075222007577E-02,0
USA_FL_Tallahassee.Rgnl.AP.722140_TMY3.epw,1970s,0.820777831529727,0,0.121409060191241,5.78128458652384E-02,0,0
USA_FL_Tallahassee.Rgnl.AP.722140_TMY3.epw,1980s,0.864530956756974,0,3.01458811690063E-02,7.64421309064005E-02,0,2.88807930557964E-02
USA_FL_Tallahassee.Rgnl.AP.722140_TMY3.epw,1990s,0.91652624228022,0,6.06498608517941E-02,2.28236445997229E-02,0,0
USA_FL_Tallahassee.Rgnl.AP.722140_TMY3.epw,2000s,0.8281559678712,0,0.102580820084936,4.73430441169929E-02,0,2.19199815519529E-02
USA_FL_West.Palm.Beach.Intl.AP.722030_TMY3.epw,pre-1950,0.736682941922882,0,0.128164890523505,0.079432088640382,0.027358163882502,2.83612490235649E-02
USA_FL_West.Palm.Beach.Intl.AP.722030_TMY3.epw,1950s,0.820420004890023,0,4.89275334626624E-02,8.26710731940595E-02,0.014745588389853,3.32354542055521E-02
USA_FL_West.Palm.Beach.Intl.AP.722030_TMY3.epw,1960s,0.751807315820782,0,0.119070590251138,0.113814230918192,1.53075222007577E-02,0
USA_FL_West.Palm.Beach.Intl.AP.722030_TMY3.epw,1970s,0.820777831529727,0,0.121409060191241,5.78128458652384E-02,0,0
USA_FL_West.Palm.Beach.Intl.AP.722030_TMY3.epw,1980s,0.864530956756974,0,3.01458811690063E-02,7.64421309064005E-02,0,2.88807930557964E-02
USA_FL_West.Palm.Beach.Intl.AP.722030_TMY3.epw,1990s,0.91652624228022,0,6.06498608517941E-02,2.28236445997229E-02,0,0
USA_FL_West.Palm.Beach.Intl.AP.722030_TMY3.epw,2000s,0.8281559678712,0,0.102580820084936,4.73430441169929E-02,0,2.19199815519529E-02
USA_GA_Athens-Ben.Epps.AP.723110_TMY3.epw,pre-1950,0.295959446387513,0,0.481682065440523,0,0,0.222357206495434
USA_GA_Athens-Ben.Epps.AP.723110_TMY3.epw,1950s,0.46125549224134,0,0.494520967847951,0,4.42225918828591E-02,0
USA_GA_Athens-Ben.Epps.AP.723110_TMY3.epw,1960s,0.451955524942432,0,0.480352460809057,0,0,6.76915429013866E-02
USA_GA_Athens-Ben.Epps.AP.723110_TMY3.epw,1970s,0.379479261143707,2.71744102562253E-02,0.550746412669511,0,4.25994287785563E-02,0
USA_GA_Athens-Ben.Epps.AP.723110_TMY3.epw,1980s,0.372993826116673,0,0.556805415543837,0,1.36832563404643E-02,0.056517183944515
USA_GA_Athens-Ben.Epps.AP.723110_TMY3.epw,1990s,0.355342893407164,0,0.616926567972013,0,1.24196840106087E-02,1.53105750395592E-02
USA_GA_Athens-Ben.Epps.AP.723110_TMY3.epw,2000s,0.486883564653053,0,0.504435239975611,0,0,8.68099358974876E-03
USA_GA_Atlanta-Hartsfield-Jackson.Intl.AP.722190_TMY3.epw,pre-1950,0.295959446387513,0,0.481682065440523,0,0,0.222357206495434
USA_GA_Atlanta-Hartsfield-Jackson.Intl.AP.722190_TMY3.epw,1950s,0.46125549224134,0,0.494520967847951,0,4.42225918828591E-02,0
USA_GA_Atlanta-Hartsfield-Jackson.Intl.AP.722190_TMY3.epw,1960s,0.451955524942432,0,0.480352460809057,0,0,6.76915429013866E-02
USA_GA_Atlanta-Hartsfield-Jackson.Intl.AP.722190_TMY3.epw,1970s,0.379479261143707,2.71744102562253E-02,0.550746412669511,0,4.25994287785563E-02,0
USA_GA_Atlanta-Hartsfield-Jackson.Intl.AP.722190_TMY3.epw,1980s,0.372993826116673,0,0.556805415543837,0,1.36832563404643E-02,0.056517183944515
USA_GA_Atlanta-Hartsfield-Jackson.Intl.AP.722190_TMY3.epw,1990s,0.355342893407164,0,0.616926567972013,0,1.24196840106087E-02,1.53105750395592E-02
USA_GA_Atlanta-Hartsfield-Jackson.Intl.AP.722190_TMY3.epw,2000s,0.486883564653053,0,0.504435239975611,0,0,8.68099358974876E-03
USA_GA_Augusta-Bush-Field.722180_TMY3.epw,pre-1950,0.295959446387513,0,0.481682065440523,0,0,0.222357206495434
USA_GA_Augusta-Bush-Field.722180_TMY3.epw,1950s,0.46125549224134,0,0.494520967847951,0,4.42225918828591E-02,0
USA_GA_Augusta-Bush-Field.722180_TMY3.epw,1960s,0.451955524942432,0,0.480352460809057,0,0,6.76915429013866E-02
USA_GA_Augusta-Bush-Field.722180_TMY3.epw,1970s,0.379479261143707,2.71744102562253E-02,0.550746412669511,0,4.25994287785563E-02,0
USA_GA_Augusta-Bush-Field.722180_TMY3.epw,1980s,0.372993826116673,0,0.556805415543837,0,1.36832563404643E-02,0.056517183944515
USA_GA_Augusta-Bush-Field.722180_TMY3.epw,1990s,0.355342893407164,0,0.616926567972013,0,1.24196840106087E-02,1.53105750395592E-02
USA_GA_Augusta-Bush-Field.722180_TMY3.epw,2000s,0.486883564653053,0,0.504435239975611,0,0,8.68099358974876E-03
USA_GA_Columbus.Metro.AP.722255_TMY3.epw,pre-1950,0.295959446387513,0,0.481682065440523,0,0,0.222357206495434
USA_GA_Columbus.Metro.AP.722255_TMY3.epw,1950s,0.46125549224134,0,0.494520967847951,0,4.42225918828591E-02,0
USA_GA_Columbus.Metro.AP.722255_TMY3.epw,1960s,0.451955524942432,0,0.480352460809057,0,0,6.76915429013866E-02
USA_GA_Columbus.Metro.AP.722255_TMY3.epw,1970s,0.379479261143707,2.71744102562253E-02,0.550746412669511,0,4.25994287785563E-02,0
USA_GA_Columbus.Metro.AP.722255_TMY3.epw,1980s,0.372993826116673,0,0.556805415543837,0,1.36832563404643E-02,0.056517183944515
USA_GA_Columbus.Metro.AP.722255_TMY3.epw,1990s,0.355342893407164,0,0.616926567972013,0,1.24196840106087E-02,1.53105750395592E-02
USA_GA_Columbus.Metro.AP.722255_TMY3.epw,2000s,0.486883564653053,0,0.504435239975611,0,0,8.68099358974876E-03
USA_GA_Macon-Middle.Georgia.Rgnl.AP.722170_TMY3.epw,pre-1950,0.295959446387513,0,0.481682065440523,0,0,0.222357206495434
USA_GA_Macon-Middle.Georgia.Rgnl.AP.722170_TMY3.epw,1950s,0.46125549224134,0,0.494520967847951,0,4.42225918828591E-02,0
USA_GA_Macon-Middle.Georgia.Rgnl.AP.722170_TMY3.epw,1960s,0.451955524942432,0,0.480352460809057,0,0,6.76915429013866E-02
USA_GA_Macon-Middle.Georgia.Rgnl.AP.722170_TMY3.epw,1970s,0.379479261143707,2.71744102562253E-02,0.550746412669511,0,4.25994287785563E-02,0
USA_GA_Macon-Middle.Georgia.Rgnl.AP.722170_TMY3.epw,1980s,0.372993826116673,0,0.556805415543837,0,1.36832563404643E-02,0.056517183944515
USA_GA_Macon-Middle.Georgia.Rgnl.AP.722170_TMY3.epw,1990s,0.355342893407164,0,0.616926567972013,0,1.24196840106087E-02,1.53105750395592E-02
USA_GA_Macon-Middle.Georgia.Rgnl.AP.722170_TMY3.epw,2000s,0.486883564653053,0,0.504435239975611,0,0,8.68099358974876E-03
USA_GA_Savannah.Intl.AP.722070_TMY3.epw,pre-1950,0.295959446387513,0,0.481682065440523,0,0,0.222357206495434
USA_GA_Savannah.Intl.AP.722070_TMY3.epw,1950s,0.46125549224134,0,0.494520967847951,0,4.42225918828591E-02,0
USA_GA_Savannah.Intl.AP.722070_TMY3.epw,1960s,0.451955524942432,0,0.480352460809057,0,0,6.76915429013866E-02
USA_GA_Savannah.Intl.AP.722070_TMY3.epw,1970s,0.379479261143707,2.71744102562253E-02,0.550746412669511,0,4.25994287785563E-02,0
USA_GA_Savannah.Intl.AP.722070_TMY3.epw,1980s,0.372993826116673,0,0.556805415543837,0,1.36832563404643E-02,0.056517183944515
USA_GA_Savannah.Intl.AP.722070_TMY3.epw,1990s,0.355342893407164,0,0.616926567972013,0,1.24196840106087E-02,1.53105750395592E-02
USA_GA_Savannah.Intl.AP.722070_TMY3.epw,2000s,0.486883564653053,0,0.504435239975611,0,0,8.68099358974876E-03
USA_IA_Des.Moines.Intl.AP.725460_TMY3.epw,pre-1950,9.97488682014485E-02,0.060301182763481,0.516285855642586,0,8.97630725463707E-02,0.233900882303632
USA_IA_Des.Moines.Intl.AP.725460_TMY3.epw,1950s,7.40719426263664E-02,9.76695251134971E-02,0.685908757374573,0,0,0.142349524236224
USA_IA_Des.Moines.Intl.AP.725460_TMY3.epw,1960s,0.141652319104211,5.13252050524065E-02,0.676759104753591,0,0,0.130263000654854
USA_IA_Des.Moines.Intl.AP.725460_TMY3.epw,1970s,0.138631275092336,6.01246340683362E-02,0.637975174741792,0,1.31585669764247E-02,0.150110088722495
USA_IA_Des.Moines.Intl.AP.725460_TMY3.epw,1980s,0.141547928892498,4.60966911861264E-02,0.547477472225834,0,3.04144328932727E-02,0.23446315450975
USA_IA_Des.Moines.Intl.AP.725460_TMY3.epw,1990s,0.025297446646583,0,0.665706840624437,0,1.45630726606614E-02,0.294432351875541
USA_IA_Des.Moines.Intl.AP.725460_TMY3.epw,2000s,0.156049796790312,0,0.584903264194752,0,0,0.259046641177978
USA_IA_Mason.City.Muni.AP.725485_TMY3.epw,pre-1950,9.97488682014485E-02,0.060301182763481,0.516285855642586,0,8.97630725463707E-02,0.233900882303632
USA_IA_Mason.City.Muni.AP.725485_TMY3.epw,1950s,7.40719426263664E-02,9.76695251134971E-02,0.685908757374573,0,0,0.142349524236224
