Dependency=PUMA	Dependency=Geometry Building Type RECS	Dependency=Vintage	Option=Electricity	Option=Fuel Oil	Option=Natural Gas	Option=None	Option=Other Fuel	Option=Propane
AL, 00100	Mobile Home	2020s	0.918925	0.000000	0.046614	0.000000	0.021912	0.012550
AL, 00100	Multi-Family with 2 - 4 Units	2020s	1.000000	0.000000	0.000000	0.000000	0.000000	0.000000
AL, 00100	Multi-Family with 5+ Units	2020s	0.978342	0.000000	0.021658	0.000000	0.000000	0.000000
AL, 00100	Single-Family Attached	2020s	0.849222	0.000000	0.143439	0.000000	0.000000	0.007339
AL, 00100	Single-Family Detached	2020s	0.740165	0.000000	0.242703	0.000000	0.000000	0.017132
AL, 00200	Mobile Home	2020s	0.997429	0.002571	0.000000	0.000000	0.000000	0.000000
AL, 00200	Multi-Family with 2 - 4 Units	2020s	0.868076	0.000000	0.110507	0.000000	0.000000	0.021417
AL, 00200	Multi-Family with 5+ Units	2020s	0.930757	0.000000	0.060540	0.003938	0.002626	0.002138
AL, 00200	Single-Family Attached	2020s	0.849222	0.000000	0.143439	0.000000	0.000000	0.007339
AL, 00200	Single-Family Detached	2020s	0.899648	0.000445	0.073361	0.017043	0.000000	0.009503
AL, 00301	Mobile Home	2020s	0.928527	0.000102	0.010029	0.014440	0.005458	0.041444
AL, 00301	Multi-Family with 2 - 4 Units	2020s	0.868076	0.000000	0.110507	0.000000	0.000000	0.021417
AL, 00301	Multi-Family with 5+ Units	2020s	0.969312	0.000000	0.030688	0.000000	0.000000	0.000000
AL, 00301	Single-Family Attached	2020s	0.849222	0.000000	0.143439	0.000000	0.000000	0.007339
AL, 00301	Single-Family Detached	2020s	0.809799	0.000000	0.178643	0.011558	0.000000	0.000000
AL, 00302	Mobile Home	2020s	0.928527	0.000102	0.010029	0.014440	0.005458	0.041444
AL, 00302	Multi-Family with 2 - 4 Units	2020s	0.868076	0.000000	0.110507	0.000000	0.000000	0.021417
AL, 00302	Multi-Family with 5+ Units	2020s	0.947315	0.000000	0.039262	0.000000	0.013423	0.000000
AL, 00302	Single-Family Attached	2020s	0.849222	0.000000	0.143439	0.000000	0.000000	0.007339
AL, 00302	Single-Family Detached	2020s	0.797854	0.000000	0.202146	0.000000	0.000000	0.000000
AL, 00400	Mobile Home	2020s	0.928527	0.000102	0.010029	0.014440	0.005458	0.041444
AL, 00400	Multi-Family with 2 - 4 Units	2020s	0.868076	0.000000	0.110507	0.000000	0.000000	0.021417
AL, 00400	Multi-Family with 5+ Units	2020s	0.930757	0.000000	0.060540	0.003938	0.002626	0.002138
AL, 00400	Single-Family Attached	2020s	0.849222	0.000000	0.143439	0.000000	0.000000	0.007339
AL, 00400	Single-Family Detached	2020s	0.829582	0.000000	0.081029	0.003215	0.070740	0.015434
AL, 00500	Mobile Home	2020s	0.928527	0.000102	0.010029	0.014440	0.005458	0.041444
AL, 00500	Multi-Family with 2 - 4 Units	2020s	0.868076	0.000000	0.110507	0.000000	0.000000	0.021417
AL, 00500	Multi-Family with 5+ Units	2020s	0.930757	0.000000	0.060540	0.003938	0.002626	0.002138
AL, 00500	Single-Family Attached	2020s	0.849222	0.000000	0.143439	0.000000	0.000000	0.007339
AL, 00500	Single-Family Detached	2020s	0.843990	0.000000	0.129015	0.000000	0.026108	0.000887
AL, 00600	Mobile Home	2020s	0.928527	0.000102	0.010029	0.014440	0.005458	0.041444
AL, 00600	Multi-Family with 2 - 4 Units	2020s	0.868076	0.000000	0.110507	0.000000	0.000000	0.021417
AL, 00600	Multi-Family with 5+ Units	2020s	0.930757	0.000000	0.060540	0.003938	0.002626	0.002138
AL, 00600	Single-Family Attached	2020s	0.849222	0.000000	0.143439	0.000000	0.000000	0.007339
AL, 00600	Single-Family Detached	2020s	0.828999	0.000000	0.130494	0.000000	0.028401	0.012108
AL, 00700	Mobile Home	2020s	0.893682	0.000000	0.000000	0.043573	0.000000	0.062745
AL, 00700	Multi-Family with 2 - 4 Units	2020s	0.868076	0.000000	0.110507	0.000000	0.000000	0.021417
AL, 00700	Multi-Family with 5+ Units	2020s	0.930757	0.000000	0.060540	0.003938	0.002626	0.002138
AL, 00700	Single-Family Attached	2020s	0.849222	0.000000	0.143439	0.000000	0.000000	0.007339
AL, 00700	Single-Family Detached	2020s	0.789002	0.000000	0.085166	0.000000	0.026854	0.098977
AL, 00800	Mobile Home	2020s	0.657022	0.000000	0.000000	0.000000	0.136170	0.206808
AL, 00800	Multi-Family with 2 - 4 Units	2020s	0.868076	0.000000	0.110507	0.000000	0.000000	0.021417
AL, 00800	Multi-Family with 5+ Units	2020s	0.930757	0.000000	0.060540	0.003938	0.002626	0.002138
AL, 00800	Single-Family Attached	2020s	0.849222	0.000000	0.143439	0.000000	0.000000	0.007339
AL, 00800	Single-Family Detached	2020s	0.698735	0.000000	0.254950	0.012651	0.014851	0.018812
AL, 00900	Mobile Home	2020s	0.928527	0.000102	0.010029	0.014440	0.005458	0.041444
AL, 00900	Multi-Family with 2 - 4 Units	2020s	0.868076	0.000000	0.110507	0.000000	0.000000	0.021417
AL, 00900	Multi-Family with 5+ Units	2020s	0.930757	0.000000	0.060540	0.003938	0.002626	0.002138
AL, 00900	Single-Family Attached	2020s	0.849222	0.000000	0.143439	0.000000	0.000000	0.007339
AL, 00900	Single-Family Detached	2020s	0.830785	0.000000	0.113430	0.000000	0.000000	0.055785
AL, 01000	Mobile Home	2020s	0.875652	0.000000	0.000000	0.043478	0.000000	0.080870
AL, 01000	Multi-Family with 2 - 4 Units	2020s	0.868076	0.000000	0.110507	0.000000	0.000000	0.021417
AL, 01000	Multi-Family with 5+ Units	2020s	0.930757	0.000000	0.060540	0.003938	0.002626	0.002138
AL, 01000	Single-Family Attached	2020s	0.849222	0.000000	0.143439	0.000000	0.000000	0.007339
AL, 01000	Single-Family Detached	2020s	0.788247	0.000000	0.033053	0.000000	0.020986	0.157712
AL, 01100	Mobile Home	2020s	1.000000	0.000000	0.000000	0.000000	0.000000	0.000000
AL, 01100	Multi-Family with 2 - 4 Units	2020s	0.868076	0.000000	0.110507	0.000000	0.000000	0.021417
AL, 01100	Multi-Family with 5+ Units	2020s	0.930757	0.000000	0.060540	0.003938	0.002626	0.002138
AL, 01100	Single-Family Attached	2020s	0.849222	0.000000	0.143439	0.000000	0.000000	0.007339
AL, 01100	Single-Family Detached	2020s	0.766115	0.000000	0.121988	0.000000	0.021084	0.090814
AL, 01200	Mobile Home	2020s	0.791428	0.000000	0.000000	0.175510	0.000000	0.033062
AL, 01200	Multi-Family with 2 - 4 Units	2020s	0.868076	0.000000	0.110507	0.000000	0.000000	0.021417
AL, 01200	Multi-Family with 5+ Units	2020s	0.877945	0.000000	0.097885	0.024169	0.000000	0.000000
AL, 01200	Single-Family Attached	2020s	0.849222	0.000000	0.143439	0.000000	0.000000	0.007339
AL, 01200	Single-Family Detached	2020s	0.567184	0.000000	0.427948	0.000000	0.000000	0.004866
AL, 01301	Mobile Home	2020s	0.928527	0.000102	0.010029	0.014440	0.005458	0.041444
AL, 01301	Multi-Family with 2 - 4 Units	2020s	0.868076	0.000000	0.110507	0.000000	0.000000	0.021417
AL, 01301	Multi-Family with 5+ Units	2020s	0.453571	0.000000	0.546429	0.000000	0.000000	0.000000
AL, 01301	Single-Family Attached	2020s	0.849222	0.000000	0.143439	0.000000	0.000000	0.007339
AL, 01301	Single-Family Detached	2020s	0.769328	0.000047	0.196544	0.005423	0.007789	0.020870
AL, 01302	Mobile Home	2020s	0.928527	0.000102	0.010029	0.014440	0.005458	0.041444
AL, 01302	Multi-Family with 2 - 4 Units	2020s	0.868076	0.000000	0.110507	0.000000	0.000000	0.021417
AL, 01302	Multi-Family with 5+ Units	2020s	0.701674	0.000000	0.298326	0.000000	0.000000	0.000000
AL, 01302	Single-Family Attached	2020s	0.849222	0.000000	0.143439	0.000000	0.000000	0.007339
AL, 01302	Single-Family Detached	2020s	0.769328	0.000047	0.196544	0.005423	0.007789	0.020870
AL, 01303	Mobile Home	2020s	0.928527	0.000102	0.010029	0.014440	0.005458	0.041444
AL, 01303	Multi-Family with 2 - 4 Units	2020s	0.868076	0.000000	0.110507	0.000000	0.000000	0.021417
AL, 01303	Multi-Family with 5+ Units	2020s	0.901250	0.000000	0.098750	0.000000	0.000000	0.000000
AL, 01303	Single-Family Attached	2020s	0.849222	0.000000	0.143439	0.000000	0.000000	0.007339
AL, 01303	Single-Family Detached	2020s	0.353705	0.000000	0.646295	0.000000	0.000000	0.000000
AL, 01304	Mobile Home	2020s	0.928527	0.000102	0.010029	0.014440	0.005458	0.041444
AL, 01304	Multi-Family with 2 - 4 Units	2020s	0.868076	0.000000	0.110507	0.000000	0.000000	0.021417
AL, 01304	Multi-Family with 5+ Units	2020s	0.930757	0.000000	0.060540	0.003938	0.002626	0.002138
AL, 01304	Single-Family Attached	2020s	0.849222	0.000000	0.143439	0.000000	0.000000	0.007339
AL, 01304	Single-Family Detached	2020s	0.641879	0.000000	0.326165	0.015038	0.000000	0.016917
AL, 01305	Mobile Home	2020s	0.928527	0.000102	0.010029	0.014440	0.005458	0.041444
AL, 01305	Multi-Family with 2 - 4 Units	2020s	0.868076	0.000000	0.110507	0.000000	0.000000	0.021417
AL, 01305	Multi-Family with 5+ Units	2020s	0.925169	0.000000	0.074831	0.000000	0.000000	0.000000
AL, 01305	Single-Family Attached	2020s	0.849222	0.000000	0.143439	0.000000	0.000000	0.007339
AL, 01305	Single-Family Detached	2020s	0.301344	0.000000	0.686003	0.000000	0.000000	0.012653
AL, 01400	Mobile Home	2020s	0.951669	0.000000	0.000000	0.000000	0.000000	0.048331
AL, 01400	Multi-Family with 2 - 4 Units	2020s	0.868076	0.000000	0.110507	0.000000	0.000000	0.021417
AL, 01400	Multi-Family with 5+ Units	2020s	0.930757	0.000000	0.060540	0.003938	0.002626	0.002138
AL, 01400	Single-Family Attached	2020s	0.849222	0.000000	0.143439	0.000000	0.000000	0.007339
AL, 01400	Single-Family Detached	2020s	0.787600	0.000000	0.105600	0.000000	0.000000	0.106800
AL, 01500	Mobile Home	2020s	0.902877	0.000000	0.097123	0.000000	0.000000	0.000000
AL, 01500	Multi-Family with 2 - 4 Units	2020s	0.868076	0.000000	0.110507	0.000000	0.000000	0.021417
AL, 01500	Multi-Family with 5+ Units	2020s	0.930757	0.000000	0.060540	0.003938	0.002626	0.002138
AL, 01500	Single-Family Attached	2020s	0.849222	0.000000	0.143439	0.000000	0.000000	0.007339
AL, 01500	Single-Family Detached	2020s	0.633814	0.000000	0.284837	0.000000	0.012034	0.069314
AL, 01600	Mobile Home	2020s	0.928527	0.000102	0.010029	0.014440	0.005458	0.041444
AL, 01600	Multi-Family with 2 - 4 Units	2020s	0.868076	0.000000	0.110507	0.000000	0.000000	0.021417
AL, 01600	Multi-Family with 5+ Units	2020s	0.935669	0.000000	0.050955	0.000000	0.000000	0.013376
AL, 01600	Single-Family Attached	2020s	0.849222	0.000000	0.143439	0.000000	0.000000	0.007339
AL, 01600	Single-Family Detached	2020s	0.708305	0.000000	0.291695	0.000000	0.000000	0.000000
AL, 01700	Mobile Home	2020s	0.855276	0.000000	0.094975	0.000000	0.000000	0.049748
AL, 01700	Multi-Family with 2 - 4 Units	2020s	0.868076	0.000000	0.110507	0.000000	0.000000	0.021417
AL, 01700	Multi-Family with 5+ Units	2020s	0.930757	0.000000	0.060540	0.003938	0.002626	0.002138
AL, 01700	Single-Family Attached	2020s	0.849222	0.000000	0.143439	0.000000	0.000000	0.007339
AL, 01700	Single-Family Detached	2020s	0.932059	0.000000	0.000000	0.000000	0.067941	0.000000
AL, 01800	Mobile Home	2020s	0.992908	0.000000	0.000000	0.007092	0.000000	0.000000
AL, 01800	Multi-Family with 2 - 4 Units	2020s	0.868076	0.000000	0.110507	0.000000	0.000000	0.021417
AL, 01800	Multi-Family with 5+ Units	2020s	0.930757	0.000000	0.060540	0.003938	0.002626	0.002138
AL, 01800	Single-Family Attached	2020s	0.849222	0.000000	0.143439	0.000000	0.000000	0.007339
AL, 01800	Single-Family Detached	2020s	0.892800	0.000000	0.014400	0.043200	0.006400	0.043200
AL, 01900	Mobile Home	2020s	0.955750	0.000000	0.000000	0.003899	0.000000	0.040351
AL, 01900	Multi-Family with 2 - 4 Units	2020s	0.981391	0.000000	0.018609	0.000000	0.000000	0.000000
AL, 01900	Multi-Family with 5+ Units	2020s	0.968217	0.000000	0.031783	0.000000	0.000000	0.000000
AL, 01900	Single-Family Attached	2020s	0.849222	0.000000	0.143439	0.000000	0.000000	0.007339
AL, 01900	Single-Family Detached	2020s	0.898483	0.000000	0.097133	0.004384	0.000000	0.000000
AL, 02000	Mobile Home	2020s	0.928527	0.000102	0.010029	0.014440	0.005458	0.041444
AL, 02000	Multi-Family with 2 - 4 Units	2020s	0.674254	0.000000	0.325746	0.000000	0.000000	0.000000
AL, 02000	Multi-Family with 5+ Units	2020s	0.896721	0.000000	0.071926	0.000000	0.000000	0.031352
AL, 02000	Single-Family Attached	2020s	0.849222	0.000000	0.143439	0.000000	0.000000	0.007339
AL, 02000	Single-Family Detached	2020s	0.648202	0.000000	0.351798	0.000000	0.000000	0.000000
AL, 02100	Mobile Home	2020s	0.996092	0.000000	0.000000	0.000000	0.000000	0.003908
AL, 02100	Multi-Family with 2 - 4 Units	2020s	0.868076	0.000000	0.110507	0.000000	0.000000	0.021417
AL, 02100	Multi-Family with 5+ Units	2020s	0.937500	0.000000	0.000000	0.000000	0.062500	0.000000
AL, 02100	Single-Family Attached	2020s	0.849222	0.000000	0.143439	0.000000	0.000000	0.007339
AL, 02100	Single-Family Detached	2020s	0.692733	0.000000	0.252725	0.005134	0.000000	0.049407
AL, 02200	Mobile Home	2020s	1.000000	0.000000	0.000000	0.000000	0.000000	0.000000
AL, 02200	Multi-Family with 2 - 4 Units	2020s	0.868076	0.000000	0.110507	0.000000	0.000000	0.021417
AL, 02200	Multi-Family with 5+ Units	2020s	0.930757	0.000000	0.060540	0.003938	0.002626	0.002138
AL, 02200	Single-Family Attached	2020s	0.849222	0.000000	0.143439	0.000000	0.000000	0.007339
AL, 02200	Single-Family Detached	2020s	0.841977	0.000000	0.042747	0.000000	0.066752	0.048523
AL, 02300	Mobile Home	2020s	0.864103	0.000000	0.000000	0.000000	0.000000	0.135897
AL, 02300	Multi-Family with 2 - 4 Units	2020s	0.868076	0.000000	0.110507	0.000000	0.000000	0.021417
AL, 02300	Multi-Family with 5+ Units	2020s	0.930757	0.000000	0.060540	0.003938	0.002626	0.002138
AL, 02300	Single-Family Attached	2020s	0.849222	0.000000	0.143439	0.000000	0.000000	0.007339
AL, 02300	Single-Family Detached	2020s	0.783088	0.000000	0.138971	0.010110	0.000000	0.067831
AL, 02400	Mobile Home	2020s	0.860265	0.000000	0.000000	0.041391	0.000000	0.098345
AL, 02400	Multi-Family with 2 - 4 Units	2020s	0.868076	0.000000	0.110507	0.000000	0.000000	0.021417
AL, 02400	Multi-Family with 5+ Units	2020s	1.000000	0.000000	0.000000	0.000000	0.000000	0.000000
AL, 02400	Single-Family Attached	2020s	0.849222	0.000000	0.143439	0.000000	0.000000	0.007339
AL, 02400	Single-Family Detached	2020s	0.875427	0.000000	0.082167	0.000000	0.013225	0.029181
AL, 02500	Mobile Home	2020s	0.922141	0.000000	0.000000	0.000000	0.012165	0.065694
AL, 02500	Multi-Family with 2 - 4 Units	2020s	1.000000	0.000000	0.000000	0.000000	0.000000	0.000000
AL, 02500	Multi-Family with 5+ Units	2020s	1.000000	0.000000	0.000000	0.000000	0.000000	0.000000
AL, 02500	Single-Family Attached	2020s	0.849222	0.000000	0.143439	0.000000	0.000000	0.007339
AL, 02500	Single-Family Detached	2020s	0.916316	0.000000	0.082218	0.001466	0.000000	0.000000
AL, 02600	Mobile Home	2020s	0.985336	0.000000	0.000000	0.000000	0.000000	0.014664
AL, 02600	Multi-Family with 2 - 4 Units	2020s	0.868076	0.000000	0.110507	0.000000	0.000000	0.021417
AL, 02600	Multi-Family with 5+ Units	2020s	1.000000	0.000000	0.000000	0.000000	0.000000	0.000000
AL, 02600	Single-Family Attached	2020s	0.849222	0.000000	0.143439	0.000000	0.000000	0.007339
AL, 02600	Single-Family Detached	2020s	0.909282	0.000000	0.074201	0.012831	0.000000	0.003685
AL, 02701	Mobile Home	2020s	0.928527	0.000102	0.010029	0.014440	0.005458	0.041444
AL, 02701	Multi-Family with 2 - 4 Units	2020s	0.868076	0.000000	0.110507	0.000000	0.000000	0.021417
AL, 02701	Multi-Family with 5+ Units	2020s	0.943204	0.000000	0.056796	0.000000	0.000000	0.000000
AL, 02701	Single-Family Attached	2020s	0.849222	0.000000	0.143439	0.000000	0.000000	0.007339
AL, 02701	Single-Family Detached	2020s	0.769328	0.000047	0.196544	0.005423	0.007789	0.020870
AL, 02702	Mobile Home	2020s	0.928527	0.000102	0.010029	0.014440	0.005458	0.041444
AL, 02702	Multi-Family with 2 - 4 Units	2020s	0.868076	0.000000	0.110507	0.000000	0.000000	0.021417
AL, 02702	Multi-Family with 5+ Units	2020s	0.936874	0.000000	0.063126	0.000000	0.000000	0.000000
AL, 02702	Single-Family Attached	2020s	0.849222	0.000000	0.143439	0.000000	0.000000	0.007339
AL, 02702	Single-Family Detached	2020s	0.820000	0.000000	0.180000	0.000000	0.000000	0.000000
AL, 02703	Mobile Home	2020s	0.928527	0.000102	0.010029	0.014440	0.005458	0.041444
AL, 02703	Multi-Family with 2 - 4 Units	2020s	0.868076	0.000000	0.110507	0.000000	0.000000	0.021417
AL, 02703	Multi-Family with 5+ Units	2020s	1.000000	0.000000	0.000000	0.000000	0.000000	0.000000
AL, 02703	Single-Family Attached	2020s	0.849222	0.000000	0.143439	0.000000	0.000000	0.007339
AL, 02703	Single-Family Detached	2020s	0.859941	0.000000	0.133789	0.000000	0.006271	0.000000
AR, 00100	Mobile Home	2020s	0.898992	0.000000	0.037612	0.000000	0.024440	0.038956
AR, 00100	Multi-Family with 2 - 4 Units	2020s	0.900261	0.000000	0.092173	0.003262	0.000000	0.004306
AR, 00100	Multi-Family with 5+ Units	2020s	0.935169	0.000000	0.020642	0.015291	0.000000	0.028899
AR, 00100	Single-Family Attached	2020s	0.837164	0.000000	0.162836	0.000000	0.000000	0.000000
AR, 00100	Single-Family Detached	2020s	0.394986	0.000000	0.561998	0.000000	0.019082	0.023935
AR, 00200	Mobile Home	2020s	0.898992	0.000000	0.037612	0.000000	0.024440	0.038956
AR, 00200	Multi-Family with 2 - 4 Units	2020s	0.900261	0.000000	0.092173	0.003262	0.000000	0.004306
AR, 00200	Multi-Family with 5+ Units	2020s	0.977949	0.003590	0.018462	0.000000	0.000000	0.000000
AR, 00200	Single-Family Attached	2020s	0.742452	0.000000	0.195119	0.036322	0.026107	0.000000
AR, 00200	Single-Family Detached	2020s	0.414900	0.000000	0.499642	0.000000	0.051934	0.033524
AR, 00300	Mobile Home	2020s	0.848548	0.000000	0.056017	0.000000	0.095436	0.000000
AR, 00300	Multi-Family with 2 - 4 Units	2020s	0.918182	0.000000	0.081818	0.000000	0.000000	0.000000
AR, 00300	Multi-Family with 5+ Units	2020s	0.969618	0.000426	0.024799	0.003242	0.000000	0.001914
AR, 00300	Single-Family Attached	2020s	0.742452	0.000000	0.195119	0.036322	0.026107	0.000000
AR, 00300	Single-Family Detached	2020s	0.664334	0.000000	0.096750	0.036667	0.050000	0.152250
AR, 00400	Mobile Home	2020s	0.962611	0.000000	0.021365	0.000000	0.000000	0.016024
AR, 00400	Multi-Family with 2 - 4 Units	2020s	0.900261	0.000000	0.092173	0.003262	0.000000	0.004306
AR, 00400	Multi-Family with 5+ Units	2020s	0.969618	0.000426	0.024799	0.003242	0.000000	0.001914
AR, 00400	Single-Family Attached	2020s	0.742452	0.000000	0.195119	0.036322	0.026107	0.000000
AR, 00400	Single-Family Detached	2020s	0.675540	0.000000	0.166972	0.000000	0.092346	0.065141
AR, 00500	Mobile Home	2020s	0.898992	0.000000	0.037612	0.000000	0.024440	0.038956
AR, 00500	Multi-Family with 2 - 4 Units	2020s	0.922980	0.000000	0.066561	0.000000	0.000000	0.010460
AR, 00500	Multi-Family with 5+ Units	2020s	0.963384	0.000000	0.036617	0.000000	0.000000	0.000000
AR, 00500	Single-Family Attached	2020s	0.742452	0.000000	0.195119	0.036322	0.026107	0.000000
AR, 00500	Single-Family Detached	2020s	0.848961	0.000000	0.111388	0.000000	0.006819	0.032833
AR, 00600	Mobile Home	2020s	0.898992	0.000000	0.037612	0.000000	0.024440	0.038956
AR, 00600	Multi-Family with 2 - 4 Units	2020s	0.900261	0.000000	0.092173	0.003262	0.000000	0.004306
AR, 00600	Multi-Family with 5+ Units	2020s	0.969618	0.000426	0.024799	0.003242	0.000000	0.001914
AR, 00600	Single-Family Attached	2020s	0.742452	0.000000	0.195119	0.036322	0.026107	0.000000
AR, 00600	Single-Family Detached	2020s	0.575450	0.000000	0.259459	0.009009	0.000000	0.156081
AR, 00700	Mobile Home	2020s	0.956364	0.000000	0.043637	0.000000	0.000000	0.000000
AR, 00700	Multi-Family with 2 - 4 Units	2020s	0.900261	0.000000	0.092173	0.003262	0.000000	0.004306
AR, 00700	Multi-Family with 5+ Units	2020s	0.969618	0.000426	0.024799	0.003242	0.000000	0.001914
AR, 00700	Single-Family Attached	2020s	0.742452	0.000000	0.195119	0.036322	0.026107	0.000000
AR, 00700	Single-Family Detached	2020s	0.695213	0.000000	0.240958	0.000000	0.000000	0.063830
AR, 00800	Mobile Home	2020s	0.914871	0.000000	0.048491	0.000000	0.036638	0.000000
AR, 00800	Multi-Family with 2 - 4 Units	2020s	0.900261	0.000000	0.092173	0.003262	0.000000	0.004306
AR, 00800	Multi-Family with 5+ Units	2020s	0.969618	0.000426	0.024799	0.003242	0.000000	0.001914
AR, 00800	Single-Family Attached	2020s	0.742452	0.000000	0.195119	0.036322	0.026107	0.000000
AR, 00800	Single-Family Detached	2020s	0.797666	0.000000	0.183310	0.000000	0.005658	0.013366
AR, 00900	Mobile Home	2020s	0.930137	0.000000	0.069863	0.000000	0.000000	0.000000
AR, 00900	Multi-Family with 2 - 4 Units	2020s	0.887792	0.000000	0.112208	0.000000	0.000000	0.000000
AR, 00900	Multi-Family with 5+ Units	2020s	0.972213	0.000000	0.027787	0.000000	0.000000	0.000000
AR, 00900	Single-Family Attached	2020s	0.742452	0.000000	0.195119	0.036322	0.026107	0.000000
AR, 00900	Single-Family Detached	2020s	0.563728	0.000000	0.399427	0.004848	0.006611	0.025385
AR, 01000	Mobile Home	2020s	0.898992	0.000000	0.037612	0.000000	0.024440	0.038956
AR, 01000	Multi-Family with 2 - 4 Units	2020s	0.900261	0.000000	0.092173	0.003262	0.000000	0.004306
AR, 01000	Multi-Family with 5+ Units	2020s	0.963472	0.000000	0.036528	0.000000	0.000000	0.000000
AR, 01000	Single-Family Attached	2020s	0.742452	0.000000	0.195119	0.036322	0.026107	0.000000
AR, 01000	Single-Family Detached	2020s	0.438673	0.000000	0.561327	0.000000	0.000000	0.000000
AR, 01100	Mobile Home	2020s	0.912742	0.000000	0.037396	0.000000	0.049861	0.000000
AR, 01100	Multi-Family with 2 - 4 Units	2020s	0.913084	0.000000	0.086916	0.000000	0.000000	0.000000
AR, 01100	Multi-Family with 5+ Units	2020s	0.953902	0.000000	0.046098	0.000000	0.000000	0.000000
AR, 01100	Single-Family Attached	2020s	0.742452	0.000000	0.195119	0.036322	0.026107	0.000000
AR, 01100	Single-Family Detached	2020s	0.736416	0.000000	0.240935	0.000000	0.007664	0.014984
AR, 01200	Mobile Home	2020s	0.858268	0.000000	0.088582	0.000000	0.000000	0.053150
AR, 01200	Multi-Family with 2 - 4 Units	2020s	0.900261	0.000000	0.092173	0.003262	0.000000	0.004306
AR, 01200	Multi-Family with 5+ Units	2020s	0.969618	0.000426	0.024799	0.003242	0.000000	0.001914
AR, 01200	Single-Family Attached	2020s	0.742452	0.000000	0.195119	0.036322	0.026107	0.000000
AR, 01200	Single-Family Detached	2020s	0.803217	0.000000	0.164776	0.000000	0.009619	0.022388
AR, 01300	Mobile Home	2020s	0.858127	0.000000	0.000000	0.000000	0.083039	0.058834
AR, 01300	Multi-Family with 2 - 4 Units	2020s	0.900261	0.000000	0.092173	0.003262	0.000000	0.004306
AR, 01300	Multi-Family with 5+ Units	2020s	0.969618	0.000426	0.024799	0.003242	0.000000	0.001914
AR, 01300	Single-Family Attached	2020s	0.742452	0.000000	0.195119	0.036322	0.026107	0.000000
AR, 01300	Single-Family Detached	2020s	0.898324	0.000000	0.054893	0.000000	0.027480	0.019303
AR, 01400	Mobile Home	2020s	0.898992	0.000000	0.037612	0.000000	0.024440	0.038956
AR, 01400	Multi-Family with 2 - 4 Units	2020s	0.900261	0.000000	0.092173	0.003262	0.000000	0.004306
AR, 01400	Multi-Family with 5+ Units	2020s	1.000000	0.000000	0.000000	0.000000	0.000000	0.000000
AR, 01400	Single-Family Attached	2020s	0.742452	0.000000	0.195119	0.036322	0.026107	0.000000
AR, 01400	Single-Family Detached	2020s	0.653453	0.000000	0.265658	0.030274	0.020814	0.029802
AR, 01500	Mobile Home	2020s	0.899605	0.000000	0.000000	0.000000	0.007905	0.092490
AR, 01500	Multi-Family with 2 - 4 Units	2020s	0.900261	0.000000	0.092173	0.003262	0.000000	0.004306
AR, 01500	Multi-Family with 5+ Units	2020s	0.969618	0.000426	0.024799	0.003242	0.000000	0.001914
AR, 01500	Single-Family Attached	2020s	0.742452	0.000000	0.195119	0.036322	0.026107	0.000000
AR, 01500	Single-Family Detached	2020s	0.770518	0.000000	0.022666	0.000000	0.148148	0.058667
AR, 01600	Mobile Home	2020s	1.000000	0.000000	0.000000	0.000000	0.000000	0.000000
AR, 01600	Multi-Family with 2 - 4 Units	2020s	0.900261	0.000000	0.092173	0.003262	0.000000	0.004306
AR, 01600	Multi-Family with 5+ Units	2020s	1.000000	0.000000	0.000000	0.000000	0.000000	0.000000
AR, 01600	Single-Family Attached	2020s	0.742452	0.000000	0.195119	0.036322	0.026107	0.000000
AR, 01600	Single-Family Detached	2020s	0.798943	0.000000	0.100244	0.034959	0.014634	0.051220
AR, 01700	Mobile Home	2020s	0.934375	0.000000	0.009375	0.000000	0.000000	0.056250
AR, 01700	Multi-Family with 2 - 4 Units	2020s	0.900261	0.000000	0.092173	0.003262	0.000000	0.004306
AR, 01700	Multi-Family with 5+ Units	2020s	1.000000	0.000000	0.000000	0.000000	0.000000	0.000000
AR, 01700	Single-Family Attached	2020s	0.742452	0.000000	0.195119	0.036322	0.026107	0.000000
AR, 01700	Single-Family Detached	2020s	0.625472	0.000000	0.212264	0.000000	0.077358	0.084906
AR, 01800	Mobile Home	2020s	0.909126	0.000000	0.069903	0.000000	0.000000	0.020971
AR, 01800	Multi-Family with 2 - 4 Units	2020s	0.900261	0.000000	0.092173	0.003262	0.000000	0.004306
AR, 01800	Multi-Family with 5+ Units	2020s	0.969618	0.000426	0.024799	0.003242	0.000000	0.001914
AR, 01800	Single-Family Attached	2020s	0.742452	0.000000	0.195119	0.036322	0.026107	0.000000
AR, 01800	Single-Family Detached	2020s	0.596552	0.000000	0.339655	0.000000	0.000000	0.063793
AR, 01900	Mobile Home	2020s	0.941810	0.000000	0.058190	0.000000	0.000000	0.000000
AR, 01900	Multi-Family with 2 - 4 Units	2020s	0.900261	0.000000	0.092173	0.003262	0.000000	0.004306
AR, 01900	Multi-Family with 5+ Units	2020s	0.969618	0.000426	0.024799	0.003242	0.000000	0.001914
AR, 01900	Single-Family Attached	2020s	0.742452	0.000000	0.195119	0.036322	0.026107	0.000000
AR, 01900	Single-Family Detached	2020s	0.695345	0.000000	0.141207	0.000000	0.098276	0.065173
AR, 02000	Mobile Home	2020s	0.600000	0.000000	0.094576	0.000000	0.033898	0.271525
AR, 02000	Multi-Family with 2 - 4 Units	2020s	0.900261	0.000000	0.092173	0.003262	0.000000	0.004306
AR, 02000	Multi-Family with 5+ Units	2020s	1.000000	0.000000	0.000000	0.000000	0.000000	0.000000
AR, 02000	Single-Family Attached	2020s	0.742452	0.000000	0.195119	0.036322	0.026107	0.000000
AR, 02000	Single-Family Detached	2020s	0.783588	0.000000	0.216412	0.000000	0.000000	0.000000
AZ, 00100	Mobile Home	2020s	0.582201	0.000000	0.118722	0.025805	0.042826	0.230445
AZ, 00100	Multi-Family with 2 - 4 Units	2020s	0.875230	0.000000	0.111448	0.000000	0.011307	0.002014
AZ, 00100	Multi-Family with 5+ Units	2020s	0.941769	0.000000	0.058231	0.000000	0.000000	0.000000
AZ, 00100	Single-Family Attached	2020s	0.592968	0.000000	0.343045	0.012398	0.023247	0.028341
AZ, 00100	Single-Family Detached	2020s	0.492511	0.000000	0.502789	0.000000	0.000000	0.004700
AZ, 00101	Mobile Home	2020s	0.734054	0.000000	0.105270	0.040541	0.091892	0.028243
AZ, 00101	Multi-Family with 2 - 4 Units	2020s	0.875230	0.000000	0.111448	0.000000	0.011307	0.002014
AZ, 00101	Multi-Family with 5+ Units	2020s	0.932487	0.000000	0.000000	0.000000	0.000000	0.067513
AZ, 00101	Single-Family Attached	2020s	0.492857	0.000000	0.371428	0.071429	0.000000	0.064286
AZ, 00101	Single-Family Detached	2020s	0.528026	0.000000	0.471974	0.000000	0.000000	0.000000
AZ, 00102	Mobile Home	2020s	0.582201	0.000000	0.118722	0.025805	0.042826	0.230445
AZ, 00102	Multi-Family with 2 - 4 Units	2020s	0.875230	0.000000	0.111448	0.000000	0.011307	0.002014
AZ, 00102	Multi-Family with 5+ Units	2020s	1.000000	0.000000	0.000000	0.000000	0.000000	0.000000
AZ, 00102	Single-Family Attached	2020s	0.592968	0.000000	0.343045	0.012398	0.023247	0.028341
AZ, 00102	Single-Family Detached	2020s	0.695019	0.000000	0.268174	0.000000	0.000000	0.036808
AZ, 00103	Mobile Home	2020s	0.582201	0.000000	0.118722	0.025805	0.042826	0.230445
AZ, 00103	Multi-Family with 2 - 4 Units	2020s	0.875230	0.000000	0.111448	0.000000	0.011307	0.002014
AZ, 00103	Multi-Family with 5+ Units	2020s	1.000000	0.000000	0.000000	0.000000	0.000000	0.000000
AZ, 00103	Single-Family Attached	2020s	0.592968	0.000000	0.343045	0.012398	0.023247	0.028341
AZ, 00103	Single-Family Detached	2020s	0.482251	0.000000	0.471275	0.005707	0.026974	0.013793
AZ, 00104	Mobile Home	2020s	0.526766	0.000000	0.137732	0.000000	0.000000	0.335502
AZ, 00104	Multi-Family with 2 - 4 Units	2020s	0.875230	0.000000	0.111448	0.000000	0.011307	0.002014
AZ, 00104	Multi-Family with 5+ Units	2020s	0.882528	0.000000	0.094668	0.014881	0.002133	0.005790
AZ, 00104	Single-Family Attached	2020s	0.592968	0.000000	0.343045	0.012398	0.023247	0.028341
AZ, 00104	Single-Family Detached	2020s	0.482251	0.000000	0.471275	0.005707	0.026974	0.013793
AZ, 00105	Mobile Home	2020s	0.582201	0.000000	0.118722	0.025805	0.042826	0.230445
AZ, 00105	Multi-Family with 2 - 4 Units	2020s	0.875230	0.000000	0.111448	0.000000	0.011307	0.002014
AZ, 00105	Multi-Family with 5+ Units	2020s	0.878212	0.000000	0.021229	0.100559	0.000000	0.000000
AZ, 00105	Single-Family Attached	2020s	0.592968	0.000000	0.343045	0.012398	0.023247	0.028341
AZ, 00105	Single-Family Detached	2020s	0.511049	0.000000	0.475000	0.000000	0.000000	0.013951
AZ, 00106	Mobile Home	2020s	0.582201	0.000000	0.118722	0.025805	0.042826	0.230445
AZ, 00106	Multi-Family with 2 - 4 Units	2020s	0.875230	0.000000	0.111448	0.000000	0.011307	0.002014
AZ, 00106	Multi-Family with 5+ Units	2020s	0.964815	0.000000	0.035185	0.000000	0.000000	0.000000
AZ, 00106	Single-Family Attached	2020s	0.592968	0.000000	0.343045	0.012398	0.023247	0.028341
AZ, 00106	Single-Family Detached	2020s	0.798345	0.000000	0.150184	0.000000	0.051471	0.000000
AZ, 00107	Mobile Home	2020s	0.582201	0.000000	0.118722	0.025805	0.042826	0.230445
AZ, 00107	Multi-Family with 2 - 4 Units	2020s	0.875230	0.000000	0.111448	0.000000	0.011307	0.002014
AZ, 00107	Multi-Family with 5+ Units	2020s	0.973306	0.000000	0.026694	0.000000	0.000000	0.000000
AZ, 00107	Single-Family Attached	2020s	0.592968	0.000000	0.343045	0.012398	0.023247	0.028341
AZ, 00107	Single-Family Detached	2020s	0.327295	0.000000	0.672705	0.000000	0.000000	0.000000
AZ, 00108	Mobile Home	2020s	0.582201	0.000000	0.118722	0.025805	0.042826	0.230445
AZ, 00108	Multi-Family with 2 - 4 Units	2020s	0.875230	0.000000	0.111448	0.000000	0.011307	0.002014
AZ, 00108	Multi-Family with 5+ Units	2020s	0.970972	0.000000	0.013028	0.016000	0.000000	0.000000
AZ, 00108	Single-Family Attached	2020s	0.592968	0.000000	0.343045	0.012398	0.023247	0.028341
AZ, 00108	Single-Family Detached	2020s	0.795209	0.000000	0.204791	0.000000	0.000000	0.000000
AZ, 00109	Mobile Home	2020s	0.582201	0.000000	0.118722	0.025805	0.042826	0.230445
AZ, 00109	Multi-Family with 2 - 4 Units	2020s	0.875230	0.000000	0.111448	0.000000	0.011307	0.002014
AZ, 00109	Multi-Family with 5+ Units	2020s	0.948761	0.000000	0.042793	0.008446	0.000000	0.000000
AZ, 00109	Single-Family Attached	2020s	0.592968	0.000000	0.343045	0.012398	0.023247	0.028341
AZ, 00109	Single-Family Detached	2020s	0.482251	0.000000	0.471275	0.005707	0.026974	0.013793
AZ, 00110	Mobile Home	2020s	0.582201	0.000000	0.118722	0.025805	0.042826	0.230445
AZ, 00110	Multi-Family with 2 - 4 Units	2020s	0.875230	0.000000	0.111448	0.000000	0.011307	0.002014
AZ, 00110	Multi-Family with 5+ Units	2020s	0.898881	0.000000	0.057618	0.019495	0.013718	0.010288
AZ, 00110	Single-Family Attached	2020s	0.592968	0.000000	0.343045	0.012398	0.023247	0.028341
AZ, 00110	Single-Family Detached	2020s	0.690309	0.000000	0.309691	0.000000	0.000000	0.000000
AZ, 00111	Mobile Home	2020s	0.582201	0.000000	0.118722	0.025805	0.042826	0.230445
AZ, 00111	Multi-Family with 2 - 4 Units	2020s	0.875230	0.000000	0.111448	0.000000	0.011307	0.002014
AZ, 00111	Multi-Family with 5+ Units	2020s	0.882528	0.000000	0.094668	0.014881	0.002133	0.005790
AZ, 00111	Single-Family Attached	2020s	0.592968	0.000000	0.343045	0.012398	0.023247	0.028341
AZ, 00111	Single-Family Detached	2020s	0.374065	0.000000	0.511720	0.000000	0.057357	0.056857
AZ, 00112	Mobile Home	2020s	0.582201	0.000000	0.118722	0.025805	0.042826	0.230445
AZ, 00112	Multi-Family with 2 - 4 Units	2020s	0.875230	0.000000	0.111448	0.000000	0.011307	0.002014
AZ, 00112	Multi-Family with 5+ Units	2020s	0.728219	0.000000	0.271781	0.000000	0.000000	0.000000
AZ, 00112	Single-Family Attached	2020s	0.592968	0.000000	0.343045	0.012398	0.023247	0.028341
AZ, 00112	Single-Family Detached	2020s	0.395442	0.000000	0.575082	0.000000	0.029476	0.000000
AZ, 00113	Mobile Home	2020s	0.582201	0.000000	0.118722	0.025805	0.042826	0.230445
AZ, 00113	Multi-Family with 2 - 4 Units	2020s	0.875230	0.000000	0.111448	0.000000	0.011307	0.002014
AZ, 00113	Multi-Family with 5+ Units	2020s	0.882528	0.000000	0.094668	0.014881	0.002133	0.005790
AZ, 00113	Single-Family Attached	2020s	0.592968	0.000000	0.343045	0.012398	0.023247	0.028341
AZ, 00113	Single-Family Detached	2020s	0.418166	0.000000	0.581834	0.000000	0.000000	0.000000
AZ, 00114	Mobile Home	2020s	0.582201	0.000000	0.118722	0.025805	0.042826	0.230445
AZ, 00114	Multi-Family with 2 - 4 Units	2020s	0.875230	0.000000	0.111448	0.000000	0.011307	0.002014
AZ, 00114	Multi-Family with 5+ Units	2020s	0.882528	0.000000	0.094668	0.014881	0.002133	0.005790
AZ, 00114	Single-Family Attached	2020s	0.592968	0.000000	0.343045	0.012398	0.023247	0.028341
AZ, 00114	Single-Family Detached	2020s	0.838538	0.000000	0.161462	0.000000	0.000000	0.000000
AZ, 00115	Mobile Home	2020s	0.582201	0.000000	0.118722	0.025805	0.042826	0.230445
AZ, 00115	Multi-Family with 2 - 4 Units	2020s	0.875230	0.000000	0.111448	0.000000	0.011307	0.002014
AZ, 00115	Multi-Family with 5+ Units	2020s	1.000000	0.000000	0.000000	0.000000	0.000000	0.000000
AZ, 00115	Single-Family Attached	2020s	0.592968	0.000000	0.343045	0.012398	0.023247	0.028341
AZ, 00115	Single-Family Detached	2020s	0.482251	0.000000	0.471275	0.005707	0.026974	0.013793
AZ, 00116	Mobile Home	2020s	0.582201	0.000000	0.118722	0.025805	0.042826	0.230445
AZ, 00116	Multi-Family with 2 - 4 Units	2020s	0.875230	0.000000	0.111448	0.000000	0.011307	0.002014
AZ, 00116	Multi-Family with 5+ Units	2020s	0.723822	0.000000	0.173822	0.085145	0.000000	0.017210
AZ, 00116	Single-Family Attached	2020s	0.592968	0.000000	0.343045	0.012398	0.023247	0.028341
AZ, 00116	Single-Family Detached	2020s	0.559635	0.000000	0.440365	0.000000	0.000000	0.000000
AZ, 00117	Mobile Home	2020s	0.582201	0.000000	0.118722	0.025805	0.042826	0.230445
AZ, 00117	Multi-Family with 2 - 4 Units	2020s	0.875230	0.000000	0.111448	0.000000	0.011307	0.002014
AZ, 00117	Multi-Family with 5+ Units	2020s	0.787802	0.000000	0.145174	0.067024	0.000000	0.000000
AZ, 00117	Single-Family Attached	2020s	0.592968	0.000000	0.343045	0.012398	0.023247	0.028341
AZ, 00117	Single-Family Detached	2020s	0.689958	0.000000	0.310042	0.000000	0.000000	0.000000
AZ, 00118	Mobile Home	2020s	0.582201	0.000000	0.118722	0.025805	0.042826	0.230445
AZ, 00118	Multi-Family with 2 - 4 Units	2020s	0.875230	0.000000	0.111448	0.000000	0.011307	0.002014
AZ, 00118	Multi-Family with 5+ Units	2020s	0.865818	0.000000	0.099124	0.035058	0.000000	0.000000
AZ, 00118	Single-Family Attached	2020s	0.592968	0.000000	0.343045	0.012398	0.023247	0.028341
AZ, 00118	Single-Family Detached	2020s	0.482251	0.000000	0.471275	0.005707	0.026974	0.013793
AZ, 00119	Mobile Home	2020s	0.582201	0.000000	0.118722	0.025805	0.042826	0.230445
AZ, 00119	Multi-Family with 2 - 4 Units	2020s	0.875230	0.000000	0.111448	0.000000	0.011307	0.002014
AZ, 00119	Multi-Family with 5+ Units	2020s	0.944415	0.000000	0.055585	0.000000	0.000000	0.000000
AZ, 00119	Single-Family Attached	2020s	0.592968	0.000000	0.343045	0.012398	0.023247	0.028341
AZ, 00119	Single-Family Detached	2020s	0.729602	0.000000	0.250498	0.000000	0.019900	0.000000
AZ, 00120	Mobile Home	2020s	0.582201	0.000000	0.118722	0.025805	0.042826	0.230445
AZ, 00120	Multi-Family with 2 - 4 Units	2020s	0.875230	0.000000	0.111448	0.000000	0.011307	0.002014
AZ, 00120	Multi-Family with 5+ Units	2020s	1.000000	0.000000	0.000000	0.000000	0.000000	0.000000
AZ, 00120	Single-Family Attached	2020s	0.592968	0.000000	0.343045	0.012398	0.023247	0.028341
AZ, 00120	Single-Family Detached	2020s	0.430445	0.000000	0.569555	0.000000	0.000000	0.000000
AZ, 00121	Mobile Home	2020s	0.582201	0.000000	0.118722	0.025805	0.042826	0.230445
AZ, 00121	Multi-Family with 2 - 4 Units	2020s	0.875230	0.000000	0.111448	0.000000	0.011307	0.002014
AZ, 00121	Multi-Family with 5+ Units	2020s	0.882528	0.000000	0.094668	0.014881	0.002133	0.005790
AZ, 00121	Single-Family Attached	2020s	0.592968	0.000000	0.343045	0.012398	0.023247	0.028341
AZ, 00121	Single-Family Detached	2020s	0.713068	0.000000	0.228043	0.004487	0.054403	0.000000
AZ, 00122	Mobile Home	2020s	0.582201	0.000000	0.118722	0.025805	0.042826	0.230445
AZ, 00122	Multi-Family with 2 - 4 Units	2020s	0.875230	0.000000	0.111448	0.000000	0.011307	0.002014
AZ, 00122	Multi-Family with 5+ Units	2020s	0.882528	0.000000	0.094668	0.014881	0.002133	0.005790
AZ, 00122	Single-Family Attached	2020s	0.592968	0.000000	0.343045	0.012398	0.023247	0.028341
AZ, 00122	Single-Family Detached	2020s	0.482251	0.000000	0.471275	0.005707	0.026974	0.013793
AZ, 00123	Mobile Home	2020s	0.582201	0.000000	0.118722	0.025805	0.042826	0.230445
AZ, 00123	Multi-Family with 2 - 4 Units	2020s	0.875230	0.000000	0.111448	0.000000	0.011307	0.002014
AZ, 00123	Multi-Family with 5+ Units	2020s	0.882528	0.000000	0.094668	0.014881	0.002133	0.005790
AZ, 00123	Single-Family Attached	2020s	0.592968	0.000000	0.343045	0.012398	0.023247	0.028341
AZ, 00123	Single-Family Detached	2020s	0.922078	0.000000	0.000000	0.077922	0.000000	0.000000
AZ, 00124	Mobile Home	2020s	0.582201	0.000000	0.118722	0.025805	0.042826	0.230445
AZ, 00124	Multi-Family with 2 - 4 Units	2020s	0.875230	0.000000	0.111448	0.000000	0.011307	0.002014
AZ, 00124	Multi-Family with 5+ Units	2020s	0.900627	0.000000	0.099373	0.000000	0.000000	0.000000
AZ, 00124	Single-Family Attached	2020s	0.592968	0.000000	0.343045	0.012398	0.023247	0.028341
AZ, 00124	Single-Family Detached	2020s	0.770983	0.000000	0.229017	0.000000	0.000000	0.000000
AZ, 00125	Mobile Home	2020s	0.582201	0.000000	0.118722	0.025805	0.042826	0.230445
AZ, 00125	Multi-Family with 2 - 4 Units	2020s	0.875230	0.000000	0.111448	0.000000	0.011307	0.002014
AZ, 00125	Multi-Family with 5+ Units	2020s	0.882528	0.000000	0.094668	0.014881	0.002133	0.005790
AZ, 00125	Single-Family Attached	2020s	0.592968	0.000000	0.343045	0.012398	0.023247	0.028341
AZ, 00125	Single-Family Detached	2020s	0.482251	0.000000	0.471275	0.005707	0.026974	0.013793
AZ, 00126	Mobile Home	2020s	0.582201	0.000000	0.118722	0.025805	0.042826	0.230445
AZ, 00126	Multi-Family with 2 - 4 Units	2020s	0.875230	0.000000	0.111448	0.000000	0.011307	0.002014
AZ, 00126	Multi-Family with 5+ Units	2020s	0.853458	0.000000	0.146542	0.000000	0.000000	0.000000
AZ, 00126	Single-Family Attached	2020s	0.592968	0.000000	0.343045	0.012398	0.023247	0.028341
AZ, 00126	Single-Family Detached	2020s	0.482251	0.000000	0.471275	0.005707	0.026974	0.013793
AZ, 00127	Mobile Home	2020s	0.582201	0.000000	0.118722	0.025805	0.042826	0.230445
AZ, 00127	Multi-Family with 2 - 4 Units	2020s	0.875230	0.000000	0.111448	0.000000	0.011307	0.002014
AZ, 00127	Multi-Family with 5+ Units	2020s	0.923139	0.000000	0.076861	0.000000	0.000000	0.000000
AZ, 00127	Single-Family Attached	2020s	0.592968	0.000000	0.343045	0.012398	0.023247	0.028341
AZ, 00127	Single-Family Detached	2020s	0.400623	0.000000	0.599377	0.000000	0.000000	0.000000
AZ, 00128	Mobile Home	2020s	0.582201	0.000000	0.118722	0.025805	0.042826	0.230445
AZ, 00128	Multi-Family with 2 - 4 Units	2020s	0.875230	0.000000	0.111448	0.000000	0.011307	0.002014
AZ, 00128	Multi-Family with 5+ Units	2020s	0.882528	0.000000	0.094668	0.014881	0.002133	0.005790
AZ, 00128	Single-Family Attached	2020s	0.592968	0.000000	0.343045	0.012398	0.023247	0.028341
AZ, 00128	Single-Family Detached	2020s	0.249824	0.000000	0.750176	0.000000	0.000000	0.000000
AZ, 00129	Mobile Home	2020s	0.582201	0.000000	0.118722	0.025805	0.042826	0.230445
AZ, 00129	Multi-Family with 2 - 4 Units	2020s	0.875230	0.000000	0.111448	0.000000	0.011307	0.002014
AZ, 00129	Multi-Family with 5+ Units	2020s	0.810000	0.000000	0.190000	0.000000	0.000000	0.000000
AZ, 00129	Single-Family Attached	2020s	0.592968	0.000000	0.343045	0.012398	0.023247	0.028341
AZ, 00129	Single-Family Detached	2020s	0.424391	0.000000	0.548439	0.012947	0.009520	0.004703
AZ, 00130	Mobile Home	2020s	0.582201	0.000000	0.118722	0.025805	0.042826	0.230445
AZ, 00130	Multi-Family with 2 - 4 Units	2020s	0.875230	0.000000	0.111448	0.000000	0.011307	0.002014
AZ, 00130	Multi-Family with 5+ Units	2020s	0.882528	0.000000	0.094668	0.014881	0.002133	0.005790
AZ, 00130	Single-Family Attached	2020s	0.592968	0.000000	0.343045	0.012398	0.023247	0.028341
AZ, 00130	Single-Family Detached	2020s	0.811448	0.000000	0.167500	0.000000	0.021053	0.000000
AZ, 00131	Mobile Home	2020s	0.582201	0.000000	0.118722	0.025805	0.042826	0.230445
AZ, 00131	Multi-Family with 2 - 4 Units	2020s	0.875230	0.000000	0.111448	0.000000	0.011307	0.002014
AZ, 00131	Multi-Family with 5+ Units	2020s	0.868432	0.000000	0.076483	0.055085	0.000000	0.000000
