0.9979882959863141,0.0003137941149255919,3.129816368880565e-10,0.0002505866241687882,0.0001040406416138637,7.51970341911564e-05,0.0012680852858048817
0.07136011234763011,0.671944412758669,0.0013061401758944079,0.03462658143943536,4.914660254131691e-08,0.07902697758321073,0.1417357265485578
6.735025241576791e-07,0.08590438017010721,0.8800453516259825,6.735025241576791e-07,6.735025241576791e-07,6.735025241576791e-07,0.034047574193813726
0.0583119694676665,0.04196537529945071,0.018290756227230375,0.5427808368022026,0.01881954723523008,0.00709064258973987,0.31274087237848
0.019531755675851647,3.713584086224599e-07,0.040542755034135146,0.21161971321380466,0.6530781140427109,3.713584086224599e-07,0.07522691931668059
0.010046723259643255,0.00476428907221797,1.5341705550129583e-08,0.0009873871621664241,1.5341705550129583e-08,0.9713122905733196,0.012889279249241539
0.05188345091309305,0.004915954852209449,0.0021450298818138404,0.004411805482979942,0.00018438758529596954,0.0034157273526402927,0.9330436439319675
0.993108542992663,0.0013843194306032006,2.6497763554841415e-05,0.001198743277113305,6.441859586933542e-05,0.0004718440208885889,0.0037456339193077536
0.047689659591758506,0.5803338838686345,5.972291808151582e-08,0.06326867289342793,5.972291808151582e-08,0.09737685375550909,0.21133081044483382
4.6431411605672697e-07,4.6431411605672697e-07,0.8508952303133479,0.035973459969708486,0.1131294524604795,4.6431411605672697e-07,4.6431411605672697e-07
0.09203523574650482,0.025441847466213672,0.051377042907705395,0.45804918565702607,0.04725965828833731,0.03851095892607475,0.28732607100813795
4.0121256664927195e-07,0.04689168060915942,0.021227970225667286,4.0121256664927195e-07,0.7440690149790911,4.0121256664927195e-07,0.1878101305483824
0.015748403451851748,0.00047847233668669623,1.5184169586838855e-08,0.001788896817102009,1.5184169586838855e-08,0.9678671301962591,0.014117066829761283
0.07497969660573371,0.008981833662245106,0.00048658217061438324,0.003814317395824783,0.0015807913853560038,0.004094255251330881,0.9060625235288952
0.997632099852643,0.0005204894046632487,7.464142155166248e-05,0.0003218773392452117,3.1309121311943986e-10,0.0002066335021406953,0.0012442581666650572
0.020150795440247896,0.6766320535138987,6.196628762194721e-08,0.04140996414875625,0.0038780501443425527,0.07871774500826492,0.17921132977820217
3.638365433674998e-07,0.058073537363378745,0.6279960493742893,0.01647973814090078,3.638365433674998e-07,3.638365433674998e-07,0.2974495836118013
0.0909475683107171,0.018240669198362612,0.0027259582777343673,0.5765269346992197,0.008991741654941494,0.01995546856188671,0.28261165929713816
0.03289847648563993,3.116214783336873e-07,0.049257696816499795,3.116214783336873e-07,0.7346467990565582,0.03282833996613565,0.15036806443220985
0.012557138486979046,0.0022818972423094526,1.4687044690602964e-08,0.002141924138952817,1.4687044690602964e-08,0.9713378890788693,0.01168112167880001
0.019823416342758523,0.008102875898126461,0.0001281470668626416,0.008522369670474128,0.0015431842792073534,0.00858098393948103,0.9532990228030899
0.9659875203801179,0.006627911820296287,0.00029893198756799185,0.0065439458512972885,0.00024566041499896415,0.0018794986744518187,0.018416530871269692
6.893368942681467e-08,0.5421443541844272,0.008304180317666518,0.03388669960714739,6.893368942681467e-08,0.10282403963248844,0.3128405883908916
0.0497172912614831,0.028758727739453448,0.7605452616356617,4.593307627574733e-07,4.593307627574733e-07,4.593307627574733e-07,0.1609773413711137
0.11720594444083327,0.027049152717781348,0.02240185187278824,0.4935988735602291,0.017767297059815414,9.769076980367564e-08,0.3219767826577828
0.0816147231213244,3.5809101933711804e-07,3.5809101933711804e-07,0.030475968378005057,0.477964228272536,3.5809101933711804e-07,0.4099440059550765
0.013565809943181548,0.001167015902869598,1.4309446812954235e-08,0.003527413680056081,1.4309446812954235e-08,0.9605152166657961,0.021224515189203128
0.10368036974179358,0.01720059211510999,0.0033551202089860785,0.01698025148354711,0.004208367319308963,0.01033585355290111,0.8442394455783532
0.9968154877191198,0.0009589775538584681,7.825808944091885e-05,0.0008539772796115535,3.2212943978733697e-10,0.00021215502594363077,0.0010811440098961104
0.0041930579279393105,0.6674705536924084,0.0012404045267123142,0.04860441591666412,0.0014235740752523306,0.08257192133630484,0.1944960725247188
2.8163565069277334e-07,0.010173221186931277,0.8480212296793587,0.04499096256476142,0.014343604726817375,2.8163565069277334e-07,0.0824704185708298
0.029885934903832165,0.04052100231386655,0.0028722409313401112,0.5223717159172994,0.0085260831245362,0.0044984852761674795,0.3913245375329581
3.2873238717126216e-07,3.2873238717126216e-07,0.04097373903227073,0.08006588137722565,0.6921066144077836,3.2873238717126216e-07,0.18685277898555866
0.012764560082116865,0.0028939645610062364,0.000795847693150472,0.003467943154183084,1.308280685548822e-08,0.9630459871572714,0.0170316842694651
0.008110489182411312,0.015691731851550386,0.0028840420049607443,0.012341216168825286,0.0036055058579597212,0.00359173217068961,0.9537752827636029
0.9599239740833259,0.009128179213137268,0.00039286857486293714,0.007829741814175862,0.00020752116713274613,0.001507082017927515,0.0210106331294377
0.015200048926509153,0.6269468567868216,0.002496154120046321,0.035935055798476244,0.013369621012625399,0.08347208162083171,0.22258018173468946
2.3839248651907825e-07,2.3839248651907825e-07,0.7795615997511252,0.024882892036822476,0.025661716565443,2.3839248651907825e-07,0.16989307646914964
0.06612503991946615,0.05994600140293321,0.030396806841766297,0.4737608434439881,0.03415295463613898,0.021750442702324586,0.31386791105338274
0.05305238938509773,3.083305855197905e-07,3.083305855197905e-07,0.05027071086762959,0.5665801328850142,3.083305855197905e-07,0.33009584187050206
0.010641398799473631,0.007251998048682057,1.284201859664026e-08,0.003861794048011508,1.284201859664026e-08,0.9598968497639586,0.01834793365583701
0.04061094133354678,0.02353311328787526,0.005055301239072472,0.01913781680698638,0.0069549498984406745,0.014052004163424699,0.8906558732706539
0.9936721450029025,0.0017806316980611193,3.576161833068477e-05,0.0013043982056943836,3.746766321182963e-05,0.0003862855252475761,0.002783310286551986
0.009087224182581444,0.6693162812655294,0.005229957761599442,0.04823111098715992,0.0013990661299171907,0.0903560715939703,0.17638028807924241
1.553896035457538e-07,0.025752611181358367,0.8014982732474798,0.056692852702157286,0.05231045455062563,1.553896035457538e-07,0.06374549753917166
0.03119372370098443,0.03572972567675152,0.009461575962537846,0.557433095933256,0.021696011579844875,0.003861329358532585,0.3406245377880928
1.8571719280729448e-07,0.05737233360396519,0.05279419059982998,0.03425407738563452,0.6962827815634902,0.03923776050046171,0.12005867062942566
0.0020609018167881132,0.008694839887493337,0.0029642578457634455,0.011132317645530337,0.0005232676665334849,0.9491355978360481,0.02548881730184326
0.008420841822567107,0.012677510302317197,0.0031437456175936085,0.010226321235671212,0.003575671179208862,0.01327135956864168,0.9486845502740003
0.8836924050127625,0.025780462757957017,0.0010793790530812795,0.02259825903114129,0.0006014485461754942,0.00466227153085944,0.06158577406802293
0.011446502102865136,0.5122052947822844,0.0119073008744586,0.07164795557079577,0.012703336946483523,0.1032852227440838,0.27680438697902876
1.3542908512964713e-07,0.0032324952715142253,0.6346081402638633,0.06076245218133821,0.032538220600506186,0.03505837009200556,0.23380018616168743
0.0389088846199926,0.03439898296639483,0.01410711479391976,0.41505351030983,0.02990361613157205,0.005711940426714913,0.46191595075157577
1.6011431287182218e-07,0.025943328554548704,0.06997360707277588,0.08473216812843556,0.5087183901497047,0.009385422837106165,0.301246923143116
0.011974829709554328,0.0215623467988881,1.0924793120494116e-08,0.004364125176705686,0.001506396288242936,0.9270879402042198,0.033504350897595944
0.052747029863060395,0.03497599980234849,0.007352549829642969,0.03631140123950459,0.007943846813204073,0.023376024072480565,0.837293148379759
0.9919483187309777,0.0023334058624635353,0.00015136408926044235,0.0016724893015567638,0.00013960537616149052,0.00040552817880031613,0.003349288460779649
0.00925611202793957,0.7201822948611203,0.0069189784824600096,0.06704479128545425,0.0071669065774582884,0.053149684311483,0.13628123245408477
0.0071101467834470515,0.02921147722040451,0.7393187873935401,0.03516828805418737,0.02599514110820512,0.010380657340132493,0.15281550210008335
0.008433481744255086,0.041513627508396905,0.012559280586211035,0.5283560321511752,0.02136357762797343,0.012061988268818677,0.37571201211316974
1.0614086702204086e-07,0.033534914629564275,0.02696975274142653,0.042628108989940496,0.7044475996198439,1.0614086702204086e-07,0.19241941173749075
0.01939242108121266,0.0162732806961216,0.0028673985688994854,0.005734185334832654,0.00034877114190821223,0.8977516237644646,0.057632319412560806
0.00758081640762051,0.019594501673711788,0.004069586995859104,0.016591523051462533,0.0076369416026977974,0.01021007842912481,0.9343165518395234
0.8973540001621367,0.022549272863066388,0.0009821131407520124,0.022446162619775542,0.0003840188130221405,0.0050603963953412615,0.05122403600590608
0.00668010548559444,0.4828152969341524,0.004718409953701552,0.09127345961827904,0.009114119085169247,0.07750827011718787,0.3278903388059154
0.014112705244059939,0.021709660768359618,0.7385603559049262,0.024357596176455675,0.021274279914809856,7.379825032727322e-08,0.17998532819313842
0.028330580641432606,0.041922754202007674,0.0255880185994164,0.3944321048139259,0.03874946305938011,0.013056022481905207,0.45792105620193213
0.008685898373015177,0.045535660838309004,0.06954330899140357,0.03962270760891333,0.5372163279825285,0.02487200287050227,0.2745240933353282
0.01969793402463123,0.01216683146570776,0.00334288946894,0.01723629627410455,8.819961854538661e-09,0.8815779672178227,0.0659780727288318
0.014019532256630805,0.03353556941517628,0.007729012343312166,0.029768560883783043,0.005604460689370984,0.02383469703587137,0.8855081673758554
0.9869325748068313,0.003505662433741349,0.00019398451962302055,0.0024436525889217704,0.00014869607696753413,0.0008572014600138554,0.005918228113900971
0.01147695192169279,0.6604553127081338,0.006701496909294026,0.06703557036608815,0.009823639846199972,0.04874409312314533,0.19576293512544585
4.9269463634717013e-08,0.01941449297690043,0.8332333346190628,0.0113411361626451,0.01722606032238315,0.0026391436984314846,0.11614578295111326
0.0018600870878567465,0.048886910822991146,0.01682625734674425,0.5115915472892361,0.02851061811834241,0.022807824559449456,0.3695167547753799
6.473913835227811e-08,0.045528063335862075,0.017917162794002812,0.02674492485447515,0.5871745659072257,0.023804261758188457,0.29883095661110737
0.02163704648103781,0.017787735720308784,0.002309805347604509,0.008131065803366653,0.0011690374120462213,0.8676637409390472,0.08130156829658895
0.007702314733960562,0.01985914406496393,0.004202358899410124,0.02048664467783982,0.007445444853342297,0.020439172121751566,0.9198649206487317
0.7722247967675964,0.04994374234883546,0.0023443012909473066,0.039316438288729605,0.0014882654798210192,0.01253392380855498,0.12214853201551518
0.0044263540287850425,0.46370541463781,0.014716326086419842,0.07942802705542631,0.006774986175434161,0.0979581819573057,0.3329907100588189
0.003631659404628141,0.02292188803596383,0.7271479487306023,0.02620137059498737,0.009026917701745952,0.02117391403835591,0.18989630149371653
0.008688628355869267,0.04299242492185937,0.02143254842086154,0.3845137010406758,0.03933589569040832,0.0448129728842072,0.45822382868611866
5.114389643137646e-08,0.04761241713490481,0.03200725783562218,0.05331937434880848,0.510760129379562,0.02730053890928623,0.32900023124791977
0.023867406676792893,0.018693806641218405,0.00581727846078963,0.01672486026507714,0.0038696957642252016,0.8247365950579553,0.10629035713394154
0.014076992806167976,0.038157192961339945,0.011217080630109039,0.03026537352155738,0.010499378421564702,0.03370260756106141,0.8620813740981995
0.9883816043937106,0.0038428886823979103,0.00010178711938362333,0.0020455865557578636,0.00020780950158642372,0.0008180256957692772,0.004602298051394223
0.007649411353742958,0.7145671413715886,0.00534095402388184,0.05022078546399944,0.007170365112732273,0.051050730504945886,0.16400061216910908
0.002524392085046983,0.02512484436765391,0.7630057607344056,0.036779251963922066,0.02349539633341861,0.02676226899069244,0.12230808552486029
0.01119755011027947,0.044577402474571086,0.01187530219080866,0.5048596772726338,0.02960118830322231,0.027474589207542473,0.3704142904409423
0.007736729046178125,0.0586621138930118,0.03337776137324023,0.018820082123562207,0.6749091806341768,0.018698931873725205,0.18779520105610562
0.016713330634861225,0.017179132270070015,0.002713968367046434,0.013765914043695104,0.008011712276011428,0.8178298425278614,0.12378609988045439
0.006016790504102049,0.020573560321180944,0.005089291428014945,0.016419609718087327,0.00757473349527768,0.02659545419267722,0.9177305603406598
0.8458578687510546,0.03719501080098184,0.001899082874256511,0.02476754529745706,0.0009452222135050351,0.006970703586899003,0.08236456647584578
0.007463077713141128,0.5227097536526778,0.006397302955949801,0.07354307330500584,0.010356523412517438,0.08983523262929248,0.2896950363314156
0.0018453091552268523,0.021330300895383764,0.7448886462800978,0.04317395106124451,0.03251575585939553,0.011294141377902717,0.144951895370749
0.0043514923354667865,0.05394022777940015,0.01966945136231998,0.3874584885666605,0.038071270389250636,0.0491908785114301,0.4473181910554718
0.0034210139288753435,0.04221035591796194,0.070059726089465,0.031670612794690675,0.5824664558816381,0.04345063764550279,0.22672119774186617
0.015915499148527783,0.026263134267980246,0.005355571027872831,0.027971790601151368,0.005391350678249518,0.7857084075699696,0.13339424670624866
0.0066728818281566,0.03313553107507606,0.009486419761355974,0.02347440510933657,0.012892531480049223,0.042374627472731324,0.8719636032732943
0.9882550443842822,0.00297272084657584,0.00010044365311021288,0.0023000172440578873,6.357329587049204e-05,0.0005027876616475824,0.00580541291445574
0.005782424722300382,0.6961406730685484,0.00806023049394478,0.035500703365936165,0.0035058323265653992,0.07475271579853905,0.17625742022416593
2.0720247632453325e-08,0.026868659740441118,0.7799938299045848,0.007786028547724541,0.020914083842016287,0.013600901223761532,0.15083647602122416
0.0017799638462208897,0.04099239200458139,0.015406141447682362,0.510360040353112,0.02615574250685961,0.030010041908884528,0.37529567793265917
0.012209607170238963,0.04442103066708395,0.05959865023570187,0.015339930893790136,0.6284181219776975,0.024161611437773678,0.2158510476177139
0.0042735982519495706,0.015981406537603906,0.007895017404346996,0.017329233218389986,0.007783908138081042,0.8174185550090642,0.12931828144056431
0.0036967692990069454,0.019271176065530287,0.006068794260951179,0.010259476848422188,0.00797426332559272,0.027274899754485056,0.9254546204460117
0.6868373106300609,0.07195455448865641,0.003597791644068349,0.05191695459880332,0.0023476967156355853,0.014817200673837398,0.16852849124893812
0.0039228439713186545,0.4844995211093005,0.009723613361602027,0.05748331607390311,0.014713561220472736,0.1033929665275021,0.32626417773590094
0.0015984873045735801,0.01610446946605217,0.7221376249243273,0.02150777132376411,0.0400759130213244,0.02393639400124681,0.17463933995871167
0.005326701168234946,0.04230500303187276,0.01575690196772231,0.41937666313829564,0.033356025311913666,0.04664591954850277,0.4372327858334579
0.014602114320091557,0.06033970748201098,0.05108224377952962,0.02395580916186828,0.515629207661077,0.036246931974201146,0.2981439856212215
0.010146910365813892,0.01705603945151421,0.009257902368099287,0.021853848860272633,0.00967947510376437,0.7975508258303418,0.1344549980201938
0.008655806169318162,0.032815794015504475,0.012754287496886866,0.021511737365899966,0.01318306803368309,0.04071416931873598,0.8703651375999715
0.987363677854743,0.0034733082021207408,0.00013676603872925133,0.002199953949688666,8.575143742601896e-05,0.0010261390070174941,0.005714403510274934
0.0035714148589085734,0.6938371573952337,0.010370638624280355,0.031505332726643666,0.008197315728759745,0.06641203926390382,0.18610610140227024
1.455682090586394e-08,0.003976773804261732,0.8119788251722228,0.005836487290715315,0.020293617358476863,0.016219003512006024,0.14169527830549647
0.003333025569997034,0.030791662907151757,0.015561802775972059,0.5356929473568655,0.036792089096087735,0.02120657235070169,0.35662189994322424
0.005627968179403203,0.04310557273168945,0.04985577622797393,0.01595408408013276,0.6554356299851247,0.02773550682182575,0.20228546197385014
0.009169205826036333,0.011528704854264986,0.00633927595419574,0.01957977462089526,0.008261198220928285,0.8167088907396075,0.1284129497840719
0.0038409019408069136,0.019916229888980647,0.005599797380086654,0.008411979028472563,0.006848937182415766,0.021991595408498304,0.9333905591707392
0.8444725916125706,0.03754314150552092,0.0024259746152299234,0.024735279508325735,0.0013812121178665405,0.005496062174047961,0.08394573846643812
0.0030317591424498286,0.5365629192275544,0.011320880054929563,0.051150722997234166,0.009244580841764967,0.08352484832692195,0.3051642894091453
0.004444115538409012,0.01587206412112071,0.7753789226920565,0.007668040895308458,0.028663407624460555,0.016293286864499937,0.15168016226414477
0.004771893347264067,0.03675821437655284,0.014131437846998477,0.4200514577741751,0.04421594364461305,0.027009634366976124,0.45306141864342026
0.0051854538314992475,0.04729075426720198,0.06396960989728322,0.013165092127070128,0.5605581644582182,0.031443496178991344,0.2783874292397359
0.003355564539968268,0.021840320461267312,0.008313745864967715,0.015201668627948946,0.007036224681788825,0.8209583727158974,0.12329410310816145
0.0049365475946876935,0.0313343654487036,0.009760257123600711,0.012508402449645512,0.011340718729009238,0.03260240176133632,0.8975173068930169
0.9910846939462861,0.0019944280892802745,0.00030301287225229553,0.0012413696252963013,0.00012587436185945665,0.0005868866260265426,0.004663734478999249
0.005477616736723432,0.7147616840465186,0.009769854747341605,0.0186647242092674,0.010808321405541577,0.0778374838876887,0.16268031496691857
1.1547431764054401e-08,0.007052490713832452,0.8076572894982992,0.013524520280061276,0.013359204256439938,0.018124753743211177,0.14028172996072413
0.002720707680998345,0.017953574914382462,0.01206690573036369,0.5844767007905959,0.029197556735840156,0.025873368749035338,0.3277111853987841
0.005620926529462554,0.02369590572875888,0.04268678968174056,0.011317565827407628,0.6581860723814683,0.021098498096380206,0.23739424175478185
0.0043373519314287385,0.010646620493100894,0.005464800399043119,0.01296025479515357,0.004219246020449252,0.8622696072466135,0.10010211911421102
0.0028323958890146416,0.013837569611065099,0.006352142764537586,0.005813313729383128,0.00604849786112589,0.022330678720316847,0.9427854014245568
0.6470560269743081,0.07357530264227864,0.004513465721102149,0.054110439337777524,0.0024027997402649537,0.019463443115037962,0.19887852246923068
0.005320149544546745,0.47677243375111117,0.01467659066581222,0.0469511694989052,0.00978208287914681,0.12844840822909406,0.3180491654313838
0.0022942689671618492,0.01486114255109074,0.7256651900285485,0.027183922400436145,0.027875599079711953,0.021982207573396063,0.18013766939965484
0.0055087807640838045,0.023011657819610606,0.018699268568955506,0.45319267343976444,0.04264892540577053,0.018389791524120375,0.43854890247769474
0.0030659034783237994,0.04035955445235593,0.056217630636548103,0.022930199185070575,0.5447183711538837,0.018522692409247764,0.31418564868457016
0.0027625731363022923,0.007791017486908914,0.006220783445102835,0.007461207251474485,0.003558276036442532,0.8708095102611606,0.10139663238260833
0.006614455379434713,0.02565331139745351,0.013356501099394971,0.01602691033635476,0.010863859594341545,0.03529936817902397,0.8921855940139966
0.9878919450779199,0.004941204046865744,1.644407824709176e-09,0.0013598928243088984,1.644407824709176e-09,0.0003731428985256782,0.005433811863564368
0.005551881917045079,0.7200086686484634,0.009570352659157249,0.02768414323560729,0.0031469620166990017,0.06666654834252364,0.16737144318050443
9.737599206212885e-09,0.007734253522629727,0.7959795036737295,0.01820440302225824,0.02005771517487098,0.017425070116030342,0.14059904475288204
0.003155543495933697,0.026419073765756123,0.01510968710171641,0.6479169892219622,0.02090869934871043,0.011222387536640347,0.2752676195292808
1.558943239324536e-08,0.023819139692494152,0.0352703934557416,0.016661616792545356,0.6623291413287854,0.02799499658681473,0.23392469655418635
0.001123054518812084,0.009355769173167982,0.004905897219608154,0.011575348671159879,0.002505286548812806,0.8842298729434387,0.08630477092500047
0.0033298946872616637,0.012267082971817457,0.005770924133793623,0.006706578679897663,0.005241215955901098,0.017013228085173637,0.9496710754861548
0.8599798897951637,0.033671401155499964,0.004426841518385475,0.01822492290962568,0.0008196439726184947,0.006932425132374838,0.07594487551633171
0.008400195216340464,0.5597937989309867,0.012484230532639645,0.03787470949999597,0.005145125940726548,0.12277189964982774,0.25353004022948306
0.0011822094878359455,0.0225949335770816,0.7509032601991051,0.01182581232092449,0.01591699631638266,0.01892101877377024,0.17865576932489982
0.0009421257684950964,0.014255600939561686,0.009110592097642162,0.5228661934948894,0.04280117457230594,0.01443799946707848,0.3955863136600271
0.0014091842674538411,0.032544873543079125,0.058123560845838515,0.01585730056416045,0.5555829747970453,0.0332868864775982,0.3031952195048244
0.002854211758774617,0.008419334439549104,0.003200300028773026,0.0073267171611553685,0.004634408940681212,0.8867103223115673,0.08685470535949939
0.0033413809518736738,0.018130324041538328,0.007708461436137067,0.008399789567691246,0.007631961885004356,0.02600491080638902,0.9287831713113663
0.9885783150747783,0.002399001032938868,0.0008471637104185489,0.0021159284202867715,8.235332896161752e-05,0.00017647851178717014,0.005800759920828569
0.0038051794870511244,0.7221037486699595,0.011404242302854703,0.022349172286198947,0.005516922222211568,0.08811459757481095,0.14670613745691322
0.0002974653910834813,0.008319098375571576,0.8268650579914606,0.0070274769938604474,0.013052220515126892,0.01812514174306831,0.1263135389898286
0.0010394132491892668,0.016914516663617214,0.008816594847422737,0.688015956810439,0.024897267513028114,0.01692605712634521,0.24339019378995838
0.002245354962040354,0.02714367295730183,0.052445382759330604,0.022315687160464084,0.6662900259314203,0.013457637200775373,0.21610223902866735
0.0013982802603526448,0.007346259363794065,0.004621563977268914,0.005803578323909314,0.001537455159187927,0.9010032931157483,0.07828956979973888
0.0024081869707610784,0.008173709899637694,0.0057753748184563615,0.005106487515701673,0.004782609616106312,0.015672415056574122,0.9580812161227629
0.6239640158558823,0.08636553873622287,0.004794127403130529,0.04392144655323538,0.005013879967491333,0.0172682590074002,0.21867273247663732
0.004944935264042117,0.4775567235122121,0.013734286568824113,0.043765642221940106,0.007943323098190173,0.14588800860301143,0.30616708073177995
0.0004602914324147444,0.01742371485851324,0.7526344143949132,0.017697696052405117,0.014437533680560508,0.02737429458181965,0.16997205499937357
0.004534204789307921,0.020368252404338365,0.015702581465140367,0.5923104830109743,0.024817109077981223,0.01383451660191251,0.3284328526503453
0.001789985427471387,0.021646806134366786,0.0492788789405824,0.02826814738203991,0.5577760687007556,0.013000540057981078,0.3282395733568028
0.003423577411660668,0.009234843361174649,0.005696328984063498,0.010264817275168068,0.001959857951176128,0.8886759472365668,0.08074462778019018
0.006910068270600518,0.017772945554138306,0.011725107215201789,0.015116312682320127,0.007503902546547943,0.038348988553449155,0.9026226751777421
0.9913576991934814,0.0018740415029676004,0.00017068737053309088,0.0006252126612875512,0.00021037823782893948,0.0007033811428503259,0.00505859989105109
0.003842551014856071,0.7134287544077499,0.007351159350857721,0.035990531535497396,0.004013438279027044,0.08409582288035164,0.15127774253166051
0.002255925353029152,0.01074321002478592,0.8143102945595427,0.01082263509431149,0.014780602997360398,0.010414090385289914,0.13667324158568026
0.0010791468244044661,0.018857273964330182,0.0072693390187474624,0.7035814874063617,0.01733498941704216,0.012049312956056414,0.23982845041305756
0.0004608264181679951,0.026692932636691986,0.07178557341466872,0.03047864058595272,0.6261867276945305,0.023239740255878993,0.22115555899410894
0.001773357885497015,0.007881635592213086,0.00635963447717839,0.00783651806931132,0.0010687649075854654,0.8942889846732373,0.08079110439497741
0.002409900794860649,0.007998580753018769,0.006125388601926688,0.006599523997227634,0.004297150486797013,0.016404169861568778,0.9561652855046006
0.8812152906527756,0.022151732226053076,0.0017388558106504644,0.016580795934230935,0.001847605584399892,0.008132725707247043,0.06833299408464308
0.0020148686385258294,0.5594342000098493,0.019422914133881006,0.029513241536287812,0.005113823252427466,0.11925250648635478,0.26524844594267377
0.003117198053855728,0.01068333972302216,0.7434295478521724,0.02077103857780653,0.01876359383920971,0.018413136469156266,0.1848221454847773
0.004329710226938616,0.013591412168035562,0.006703279760512426,0.6409000712765742,0.022966402000271453,0.01135490845393869,0.300154216113729
0.001791078114546754,0.024102454211984137,0.0661116782446949,0.022212667639260462,0.5654200564846055,0.03821474210744169,0.2821473231974665
0.0018118040148826307,0.006650869701544122,0.005069718070106188,0.00935890646751391,0.0013554969823429419,0.8922226377795823,0.08353056698402786
0.003926271643600997,0.01256525414852589,0.008549656128024679,0.011257242002267865,0.005387766451353383,0.028745062184598554,0.9295687474416287
0.9831324244164944,0.0023880366454748503,3.0949899990168283e-09,0.0010436826480007394,3.0949899990168283e-09,0.0015171987266766602,0.011918651373373479
0.0014869515232575634,0.7104595324669141,0.010528350425297461,0.020783382606188363,0.0021523575966769714,0.08904813300731088,0.16554129237435472
0.0025093515536261934,0.012425397579419647,0.7996430365320338,0.025074980920084516,0.0053517074864594,0.012815695787565149,0.14217983014081131
0.003129139663242877,0.008722259884121893,0.01128972914184201,0.7474341238856114,0.02190635692832727,0.009488001071638288,0.1980303894252162
0.006691927432368199,0.02714931636895905,0.04416723700158461,0.02166091016342158,0.6798180045199411,0.023540921996789862,0.19697168251693548
0.003040869180388682,0.004706010485201782,0.005920162833759142,0.010950308675435684,0.0015210318027470782,0.8933262222216336,0.08053539480083398
0.0020919646510840903,0.005691746493047614,0.005195724533357154,0.0070732587779441585,0.0024154624635809303,0.014172831541403186,0.9633590115395828
0.695369704952175,0.06587337170041983,0.003949764243234968,0.037124344236619915,0.0032035437739356995,0.0158154417630074,0.17866382933060726
0.005245336488422411,0.5088351002307657,0.010697943899973065,0.02923513723235448,0.008318428168083395,0.16549506752579987,0.27217298645460103
0.0024406136343986954,0.012471421051787545,0.7021004163951692,0.038828133742716105,0.014764953744920753,0.028205902426147154,0.20118855900486055
0.0010235272832715414,0.016708706226215057,0.017983389466425137,0.6568910726315977,0.018343412772154122,0.01340867938855769,0.27564121223177873
0.00371072325610697,0.02529908223519148,0.04773135515170035,0.030309128949241447,0.4912928157626869,0.05025879459779765,0.35139810004727523
0.0037854827443521205,0.0069764763811214,0.006405862338997062,0.015527392771815533,0.0018548720920068165,0.8811369438747376,0.08431296979696953
0.006252148075272102,0.014363966074057198,0.009540164514869701,0.025947561001344762,0.00506876659582718,0.0374784800252481,0.9013489137133809
0.9863947180650395,0.00018522431441487776,0.0003800312894038399,0.0013750110277642256,0.00019486695958081813,0.0003732419264741444,0.011096906417322371
8.629750877607326e-09,0.7262389578820779,0.009774610711037012,0.02600319609185901,0.0046756889218819726,0.08531591177270441,0.1479916259906887
0.008230768094095888,0.004830420012079897,0.7706236282867254,0.0267295971068094,0.012866457619359456,0.023394007944019496,0.15332512093691064
0.002796255980749318,0.004914110360055887,0.010000451011414299,0.7301098628773092,0.01160213717093972,0.010230676391911326,0.23034650620762034
0.007847741007587077,0.006436700939200751,0.029670824284837707,0.022034527126306446,0.6886360347650333,0.018876896268945266,0.2264972756080893
0.001036787122181676,0.005587168074825321,0.0034966597744295947,0.014354376605732367,0.0017732088607940325,0.8866508354822937,0.08710096407974328
0.002249969713505727,0.006072089534921652,0.005995588656138692,0.011187832200198648,0.0038236239205393023,0.014530448682955716,0.9561404472917402
0.896488018216734,0.018792609019921174,0.002077571659515311,0.01256686280181826,0.0011757323410431593,0.005288885464286891,0.0636103204966812
0.00323628144258603,0.5647237302066114,0.00910822012247354,0.037825474579149074,0.0032470651432566994,0.132204824429709,0.2496544040762145
0.0022022220373799943,0.010297967993677501,0.7610660676852161,0.03546626208587985,0.019166501095722824,0.03132414699452011,0.14047683210760367
0.0035646147689160847,0.011394741409992184,0.008139857889799993,0.6254555039649303,0.021225158279674236,0.026527514699381395,0.30369260898730577
0.005289891005322417,0.015450814414456285,0.03997631481677496,0.038246671875172944,0.5687925543884098,0.03636771508294228,0.2958760384169213
0.002279597013833937,0.004987655047668573,0.0027816075587292475,0.02046929078590481,0.002007924371477511,0.8799357821525405,0.08753814306984527
0.005380306505172087,0.011314567424896825,0.006740551272544141,0.026473756880238355,0.005419549403707534,0.02377073309894764,0.9209005354144935
0.9828007450671031,0.0040067116853541515,0.000554741419473344,0.0011859039159640623,4.233907266935478e-09,0.001169755118137465,0.010282138560060675
0.004121696656497621,0.7267450788076477,0.005159653048045389,0.02879865978364718,0.0027497731151090625,0.09257594628361962,0.13984919230543336
0.005128284005131323,0.009065991683622036,0.7948158904743516,0.04082708148526662,0.011117285438322707,0.018770332581344206,0.12027513433196156
0.0066065010198163784,0.00628002280930021,0.010065460750544318,0.6775654002741127,0.016473829209436866,0.0046886471508646105,0.27832013878592493
0.012766017355079984,0.005554994453422703,0.04741482234189737,0.023684170675269692,0.6568124260354198,0.020369439695901402,0.23339812944300917
0.0035998480321408604,0.004922958797523529,0.0036397838744322486,0.02133237702519585,0.0010545562592264742,0.8770429747958374,0.08840750121564371
0.0034133888652162713,0.005159100452647218,0.0043111392484131775,0.012240493361475046,0.0038285580024181995,0.014874881024211133,0.956172439045619
0.6617377176615498,0.07027212412690775,0.005214777709457866,0.03299650726143412,0.0016184447638293113,0.022612224573390908,0.20554820390343037
0.00229984320431717,0.5271210446024026,0.00413933110057962,0.04107770184536717,0.006654572808975118,0.16458401822611832,0.25412348821224007
0.004588317571424024,0.011169716303468188,0.6649655289956559,0.07314044551091914,0.011364243298498758,0.027490177185680132,0.20728157113435397
0.005116896811547484,0.006229393041533716,0.01194632691642486,0.5346477908725574,0.03008397333589547,0.016387463049608673,0.3955881559724324
0.021532211461478427,0.022355940585029193,0.04227971479246792,0.054590516026939984,0.5150108629369707,0.03278576269407687,0.31144499150303695
0.0027665123671715133,0.006523451647117044,0.004151130072671072,0.022241101725263886,0.0012171774609998872,0.8543642178928391,0.10873640883393747
0.00989847229500637,0.01289968638125984,0.00756349528630096,0.046214118921448555,0.0059331790397970235,0.04240664062457919,0.8750844074516081
0.9768272714207828,0.002026092613632314,0.00034287424805298956,0.0024376569660453143,0.0008667317682358398,0.002685440873700817,0.014813932109549779
0.0024268049803964228,0.6923736450335595,0.00977585473795672,0.03303557424923209,0.0014026751337572153,0.10444020148698203,0.15654524437811607
0.003925585744913056,0.013273079468395507,0.7928669459436972,0.028974505922418257,0.011005304331331258,0.015365305843171136,0.13458927274607338
0.009989003680270328,0.0071171561235596845,0.009574706500414155,0.5761300220075212,0.014557593664570401,0.01096951653779995,0.3716620014858645
0.014613834984622733,0.01391191594875846,0.04736392605134742,0.029077350147756614,0.6424765166919258,0.027131708417031955,0.2254247477585569
0.004192565861477976,0.003131996162767978,0.0059335524934411394,0.023276110484067677,0.0014037624205136324,0.8626611626138629,0.09940084996386862
0.006770905666457503,0.0052031162474671325,0.005222896128494836,0.011227439700734209,0.0056108767408295694,0.01718682582709416,0.9487779396889225
0.9077998706292226,0.01135847339457801,0.0028484678910647397,0.00952579588889893,4.879686445714931e-09,0.007376971236799539,0.06109041607974974
0.007994411232000675,0.5495136142545008,0.005885280283398512,0.03262162520287844,0.007796907757974383,0.13635391533428656,0.25983424593496074
0.003890480943113116,0.007489084073027267,0.7350581151168221,0.036776468527725724,0.011379631060075427,0.027922763484526405,0.17748345679471006
0.008764480411997231,0.002839014854140679,0.005140528228816331,0.5550766605451882,0.02809788100724461,0.018693241015334677,0.38138819393727835
0.011704735478786168,0.02263990562851139,0.04849750971075594,0.025983307601520726,0.535590985072066,0.025928058001476042,0.32965549850688375
0.006544647242585827,0.005933678714676565,0.0040162087385447074,0.021096489015213445,0.0014558783353301838,0.8608310619833127,0.10012203597033667
0.01313142521395082,0.010807732843535128,0.007130382430193032,0.020591082770791917,0.009229294792795587,0.027973709307754575,0.9111363726409789
0.9647054719289353,0.002944317110670134,0.0009766539329130119,0.002579577844682548,0.003493526194676505,0.002423492578381798,0.022876960409740885
0.005394395675833596,0.674175975394033,0.006426495657900231,0.014918767774854985,0.0026502919201422605,0.11402372784611468,0.18241034573112128
0.0023293246127484616,0.0023848065262490068,0.7978447372718379,0.023280990632153803,0.005490264963793984,0.020630256731695256,0.1480396192615217
0.007098088292852476,0.0070027019485300645,0.012333853701335475,0.652481124189623,0.01585626337648048,0.008380863409674229,0.29684710508150436
0.020033860118809303,0.008277071789011287,0.047313637284713383,0.028445428267301072,0.6235666098657534,0.04393837327994717,0.22842501939446438
0.00415367033505851,0.0035050171692805245,0.0045066208355122065,0.013835356869846509,0.00163046247229061,0.8764976824631528,0.09587118985485883
0.006305212441328065,0.0037862283178734034,0.005169391168360727,0.007589772611572768,0.006067133840123725,0.01621601987123517,0.9548662417495062
0.8106983701316082,0.02009945963205825,0.0028008746829396316,0.013052123803852123,0.0009086265731841597,0.013483960550452322,0.13895658462590532
0.014241027192654836,0.5030659430784171,0.0031492106129971252,0.03310057424301442,0.007990861438256072,0.18182425742631134,0.25662812600834906
0.007283639096157414,0.008408324574522277,0.7170079771644259,0.03262478633315161,0.014230059885774807,0.03330977084026483,0.1871354421057032
0.005717614334417671,0.010756960866461749,0.008393387944033062,0.594103693129207,0.02200584590147803,0.012109690137410112,0.3469128076869925
0.0209490368903264,0.020272836673107555,0.04218763185891624,0.016443411322768074,0.44704744277952124,0.04837338481875612,0.40472625565660436
0.006107560409717583,0.00280698502774702,0.003458474174055832,0.018155585536332296,0.0006983240963014019,0.8578839765916404,0.11088909416420556
0.015835342626195383,0.009617397976314489,0.009585133785194957,0.020770978317102274,0.00710827041971553,0.040286053696958764,0.8967968231785186
0.9523063978591371,0.0006534613328536266,0.0009025092973591123,0.0038784144984157685,0.0010925004275598677,0.004258425211119194,0.036908291373555106
0.01899198112217529,0.7050827637018761,0.008735239750105862,0.015836621989264683,0.0029943836275560186,0.07612376036253904,0.17223524944648305
0.014575129253808397,0.009170798519532892,0.8009170890479591,0.026645745743263404,0.010983351100034858,0.017254028536298385,0.12045385779910293
0.006253067227403303,0.0050404462685299115,0.004436006445771387,0.7139477170088677,0.02016222732090955,0.008028950968387405,0.24213158476013072
0.018308011208856025,0.0189950275243356,0.05163231839740451,0.01855548524712221,0.5778016588135514,0.0363361093900221,0.2783713894187082
0.0030901279956914974,0.0033893507810659157,0.003361977239129514,0.014513449368781987,0.0006584885906703815,0.867361295363708,0.1076253106609527
0.007238062144102739,0.0033454225296036806,0.004843304999280558,0.007559116435943163,0.004037501600869852,0.013945740793960203,0.9590308514962398
0.8843650878349582,0.008822069244995371,0.0058166730040977895,0.006857424575427754,0.0005474778812683326,0.008091135016885144,0.08550013244236747
0.007123132970327432,0.5489367574242514,0.00995887166081502,0.03434589347570225,0.0035322398687333664,0.16377622506194417,0.23232687953822617
0.006842576005229714,0.004882646795630432,0.7614466697301362,0.01572303615642297,0.0109131210173235,0.02828601745433468,0.1719059328409224
0.008822016514720296,0.00935149353430571,0.008513944675421254,0.6441186050657257,0.020156695338967977,0.019221861201305267,0.28981538366955373
0.023651684667661883,0.008263468836723254,0.03840479307756344,0.014566349751123931,0.5110436465929239,0.02342401018885705,0.3806460468851465
0.0047122286936434376,0.0039402440939629415,0.002738054941353163,0.016821461236474693,0.0015260196519061011,0.8608332173880483,0.10942877399461137
0.009663615839231962,0.007908061805120553,0.007435697316075065,0.012387772990697047,0.004844687515432468,0.02347942030267983,0.934280744230763
0.9469606939060464,0.0034540992180386258,0.0017439810473711909,0.003699351389726701,0.0014356858410392245,0.0030793897259444383,0.03962679887183324
0.0012929221686463323,0.6419939138025059,0.024302340140495336,0.012561607688792777,0.0021503001468875143,0.1281146421908424,0.1895842738618297
0.010892584967107198,0.006611389681141325,0.7758765854847554,0.018138423422593662,0.014735396091643834,0.018504271200602468,0.15524134915215618
0.00514727948856469,0.011195907716610604,0.011075703082859168,0.7407480995004407,0.018758101815211512,0.014862612830998753,0.1982122955653147
0.014713479996034616,0.003182977423263807,0.03502291827532552,0.018255425828719852,0.6351963408610137,0.029823577478676498,0.26380528013696586
0.005110273045241836,0.004205986205018564,0.003651945030331819,0.01164744521706373,0.0009511401348379268,0.8761844879235205,0.09824872244398543
0.005513378777674056,0.004139413056029884,0.0040491384926965605,0.005059341400766541,0.0027924879836696143,0.01443448315982336,0.96401175712934
0.7700847751173562,0.025405681244432356,0.0027249007531808984,0.01788610654016032,0.0022933264861505803,0.019839418215537707,0.16176579164318222
0.01083191145668663,0.5652079509734855,0.009408666363182638,0.02302222229395061,1.9321258109524177e-08,0.14878525909135462,0.2427439705000818
0.007347260987771818,0.006530461757915549,0.6938690362551707,0.028090874977417996,0.008466501786897698,0.056534310144316896,0.19916155409050937
0.010172089870620113,0.013971446518266577,0.014170304147746992,0.6333103234123483,0.020071088875372664,0.025466055459834786,0.2828386917158106
0.02528741011311049,0.006916101551327147,0.04192645108001259,0.015529401672388792,0.528453120289471,0.04197612453432997,0.33991139075936005
