0.9912756014712184,0.00556071520092584,1.7926477563984578e-05,0.0007170899298517703,4.0809279593698245e-10,0.0007806707359216963,0.0016479957764254532
0.0034056736234009013,0.7929891884103919,0.0019035013906005863,0.04735739402885876,0.0012419389421241792,0.09968278141341844,0.05341952219120528
7.950242702330145e-07,0.056387508269511694,0.7964063120974024,0.05910923422451617,7.950242702330145e-07,7.950242702330145e-07,0.08809456033575902
0.006977330845635499,0.17809896225505753,0.01108801603361296,0.42802201225320197,0.0037115540385396243,0.09364670798963136,0.278455416584321
1.7444545813227465e-06,1.7444545813227465e-06,1.7444545813227465e-06,1.7444545813227465e-06,0.4878418286391417,1.7444545813227465e-06,0.5121494490879517
0.0025559594610175926,0.001176317940354786,0.0015575194088030494,0.0006940913719586237,8.268433463461488e-09,0.9912586054896916,0.00275749805974105
0.03969057621501345,0.0684866885470131,1.3093185494294854e-08,0.01096730123664609,0.0010024158180140302,0.02460226343528638,0.8552507416548416
0.9593555025644034,0.026476109544506923,0.00012044187935085867,0.002849079690391722,0.00011647887952391058,0.002465039186922377,0.008617348254900853
0.0017971153221559423,0.5425176983731818,0.0055584175352288885,0.05944875865923759,0.001690424294419892,0.23292388574772993,0.156063700068046
5.57155502558913e-07,0.024474422767843278,0.5192288780636195,0.06769434421760087,0.08552984648572477,5.57155502558913e-07,0.30307139415420653
0.02017777897037218,0.12942412483471383,0.00644116034027285,0.34527164211891037,0.0041565117779067025,0.24418342471387458,0.2503453572439495
1.556029945148051e-06,0.13024119919809227,0.0727344767851719,0.09398966456330715,0.5303143779164153,0.1186214169557867,0.05409730855128149
0.004388208034258137,0.008183427925707486,7.039201184703862e-09,7.039201184703862e-09,7.039201184703862e-09,0.9843462919653624,0.0030820509570684634
0.048190064188791855,0.09306989296777694,0.004088432561001703,0.017261775165208795,0.0021323322595411184,0.0642314597342833,0.7710260431233963
0.9802425707985492,0.013974689072478248,5.2366178227660664e-05,0.0014414817890400318,4.2742147656089934e-10,0.001086760080454723,0.00320213165382871
0.003904837715635938,0.6900577354327126,0.0025356034785271524,0.03693622238813955,0.00029449048381397565,0.1763634343211298,0.08990767618004117
3.8502735930767027e-07,3.8502735930767027e-07,0.5998458835662115,0.10899105885766634,0.17308558206965888,0.08679936243343214,0.03127734301831248
0.02817446330025886,0.10109536445017775,0.009825423862550645,0.3902682972545849,0.015653151919647418,0.18959124519137968,0.26539205402140076
0.06434654172381007,0.16744339569747663,7.687930728813209e-07,0.028406303041286458,0.46596337395035065,0.07942257656353284,0.19441704023047043
0.0025001651977849667,0.003394141208321582,5.213087273668312e-09,0.00030897680666174926,5.213087273668312e-09,0.9918212063941443,0.001975499966912784
0.009353718854701572,0.08206281813385924,0.0020953617319513685,0.015458914058884745,0.0010618940813958047,0.08880609516689608,0.8011611979723111
0.8500175983427807,0.09377321794397364,0.0009383326811212264,0.01141470240549392,0.0002210677207498211,0.010528033793531606,0.03310704711234922
0.0021515327122581243,0.5000972794162369,0.004852675902748232,0.0772835645175861,0.0011230980240877686,0.23955994347745566,0.17493190594962707
0.08837086510519997,0.1968368564340324,0.51178120223788,3.892081092804433e-07,0.01565211643650313,0.01680889519870167,0.17054967537957344
4.755901640581005e-08,0.11960322577597576,0.01114152252700627,0.28050705289629474,0.020820121240522932,0.18774792765986284,0.38018010234132105
6.206404120814013e-07,0.11511078167596472,6.206404120814013e-07,6.206404120814013e-07,0.33508650149495417,0.2790033081654888,0.270797546742356
0.0040030878393293706,0.006014032923361553,4.234183607697577e-09,0.0014579276225897746,4.234183607697577e-09,0.9850372586023003,0.003487684544051982
0.023000972440200274,0.10962873129457902,0.00827625528530996,0.02203040753947932,0.004544251062092247,0.16553236359540646,0.6669870187829327
0.970443032521964,0.022130303998656148,0.0003033310162821643,0.002003825543555763,5.111793908937273e-10,0.0011994734043165984,0.003920033004045902
0.0006456603450869748,0.7466738948763564,0.002103887232468641,0.03844610922101331,0.0014470402519798486,0.12965021570030286,0.08103319237279212
1.8281550047876242e-07,0.18293370847113213,0.6816143970681711,0.0024637013170629688,0.04512694342830698,0.03256511719886835,0.05529594970095799
0.008824861921524344,0.125497661211654,0.011459886996922223,0.4173929681172046,0.008711660250841812,0.11126922583499528,0.3168437356668578
4.4329612904347274e-07,0.08068430129042058,4.4329612904347274e-07,0.042426921659903846,0.6421593749930169,0.1678522361523698,0.06687627931203079
0.00046513440661569963,0.010418087364274716,3.137630676216319e-09,0.0017535434489143597,3.137630676216319e-09,0.9819160899159727,0.005447138588961186
0.004541190842764798,0.07892797554897464,0.0018933998539614244,0.020607995025149102,0.0013788498048306686,0.09091178472651991,0.8017388041977994
0.8093127335287427,0.12653761808263983,0.0010444681378893124,0.014482405914903879,0.00023238881217910645,0.01145554796757189,0.03693483755607324
0.0006634277470758312,0.5589638960911402,0.005620131665270813,0.060634655375002476,0.002100651880616506,0.20805757378075188,0.1639596634601424
1.6992885567230327e-07,0.22748283347625278,0.4306377690553302,0.02251192424419163,0.039312948138033925,0.07382471978976056,0.20622963536757538
0.005816186283230068,0.12856540362508245,0.009986189731807857,0.29009468845635056,0.006040013987757551,0.24432365268885203,0.31517386522691937
3.5404805793582346e-07,0.09553019277130441,0.07863468387358388,0.03797653623032518,0.36803049823409023,0.18812936436258576,0.23169837048005257
0.0025560918111512346,0.005118896217632435,0.00018478429157836956,0.0011902454059265594,2.637788591866075e-09,0.9865965824320305,0.004353397203892328
0.007426633884115326,0.12734603158995852,0.006167956632974668,0.023816797534381512,0.0053093196544875465,0.1616319079751879,0.6683013527288946
0.9480279450075614,0.040308428079628665,0.000412292967059842,0.0032364393102747237,2.4301171642222374e-05,0.0017460780486602064,0.006244515415172798
9.952563875644712e-05,0.737986205724249,0.004558108147821036,0.036617257970265056,0.0035018263940952785,0.1252708014949813,0.09196627462983195
1.2230492918392573e-07,0.11783149388450091,0.5431836571884884,0.08617753296307121,0.03884578775977359,0.0980534375438068,0.11590796835543007
1.585908126830161e-08,0.1468095220935163,0.010763778462843227,0.3852106012292692,0.013437978835539457,0.1221306342148759,0.3216474693048747
0.03178767458255277,0.10414575969851075,0.013980490470321032,0.12715114680705022,0.5585836328774068,0.019390658483869117,0.1449606370802893
0.002049902825793841,0.00925173204179113,1.9898091375933747e-09,0.0013534667724423536,1.9898091375933747e-09,0.9822637383174702,0.005081156062884091
0.0009546002104655592,0.08920352035148779,0.007819108315676565,0.025398408375655847,0.002324447079567259,0.11917031563952878,0.7551296000276181
0.5306896510156368,0.30780030936352887,0.0019321801568489097,0.034482574158892186,0.0017432558423497932,0.030246999661446825,0.09310502980129663
2.3295696510458567e-09,0.5479369229383959,0.004720636842409398,0.057747121365246706,0.0033179891612622,0.20344583695094237,0.18283149041217364
1.0032850614895582e-07,0.18572864980787085,0.3668876802451055,0.06326232936453352,0.06584663440462345,0.10303810839160508,0.21523649745775553
0.004825816678643881,0.15847434030246269,0.004750289700434173,0.2606120066965437,0.02313490330599574,0.21730199555109497,0.3309006477648248
1.835357233413054e-07,0.08551332900065614,0.10541006346377456,0.11189498665114991,0.24700167521636837,0.2046403875832308,0.24553937454909697
0.0008618923138802452,0.013519505695264588,1.6860909670797829e-09,0.0017708140572599022,1.6860909670797829e-09,0.9794644422562521,0.004383342305161365
0.004307894944387508,0.1465436138021122,0.005714204197723321,0.032870100604317706,0.005090279900572257,0.18804978134398645,0.6174241252069005
0.9298146179868266,0.055077523117952984,0.0001282765810675164,0.003879376298623182,6.808461866565661e-05,0.001954710658886627,0.009077410737977333
0.00035537855943437675,0.7524698286941978,0.0022386591805649138,0.03877894125103624,0.0038797870041241676,0.11280323584298542,0.08947416946765702
9.134508559178358e-08,0.0584466451472145,0.5692280955849427,0.08845072822205031,0.050750956597537596,0.07212281717337597,0.16100066592979345
0.00032583922254984847,0.1307719557521613,0.011378180706287166,0.44008618601131644,0.016359240886914313,0.12969378950793278,0.27138480791283814
1.1542879384506608e-07,0.16795772171090312,0.046445670808926594,0.0568849270523883,0.41311267940319896,0.1551997832137455,0.16039910238204366
0.0006120348941898382,0.008647653271036934,0.0003277805637042855,0.0025365571297460755,0.00015669494671002025,0.9829228451897681,0.004796434004844661
0.0017864486367429931,0.09320420785186513,0.0031775587678940127,0.026484146449658692,0.0037429410054117193,0.1287582420035197,0.7428464552849078
0.592837045182479,0.2705163111022278,0.0013798941778933363,0.02807351955658551,0.0009161479404971441,0.02572257744524595,0.08055450459507123
1.5056082077313443e-09,0.5063547467349564,0.004910499650583769,0.05366090809012789,0.003346032963959924,0.24362385303012843,0.1881039580246355
8.996056342146999e-08,0.1799615837603815,0.4651829525152321,0.014476879629107103,0.04736644032168435,0.07739760516968432,0.2156144486433471
0.007018553963227221,0.10261933893917641,0.013110310000262774,0.3020296094627193,0.018791258060343617,0.22576813982155622,0.33066278975271446
9.619711674201825e-08,0.14189287666456726,0.07114361383430212,0.05680244383086207,0.29713918221871966,0.19237945565942988,0.2406423315950022
0.00030873532185556377,0.008660605646051844,6.246854995296224e-05,0.0012990431582308966,0.00036736735723216053,0.9846468399289938,0.004654940037682627
0.002734844461986472,0.12057075374209367,0.0036822838703970523,0.033461853828049004,0.006372609246537342,0.20409435752858282,0.6290832973223537
0.9197758383002028,0.06057943615612088,2.3161734284839004e-09,0.002853233432740911,2.3161734284839004e-09,0.010673789412386205,0.006117698066202345
0.000395317276723439,0.6526791615488017,0.00322799745197027,0.03824246564684656,0.003285459807769142,0.18515456005412598,0.11701503821376286
7.725555166529965e-08,0.09326692866840712,0.4692651202734739,0.018348659189587013,0.02625444073056406,0.16019777087645062,0.23266700300596566
0.0026963222701946025,0.10150368878133811,0.009388676880783504,0.3617562525859495,0.026914522052117095,0.21768973489451288,0.2800508025351042
0.011797310261873726,0.13672598365009336,0.019417886233267918,0.058405382995651414,0.42783817492393983,0.14393058748818577,0.20188467444698802
0.0005536933790511402,0.00717545268949193,0.0002575738146321753,0.0009877503394024752,0.00018457416873036005,0.9875792083729887,0.0032617472357032587
0.00048319069720230304,0.06940915504572104,0.006302783943800323,0.025485467343666145,0.006836269686927151,0.19758961871070166,0.6938935145719815
0.565439310828071,0.23638082424831156,0.000293428530457482,0.02558060099808699,0.0009638439810565065,0.08217803084906145,0.0891639605649549
9.09405836735181e-05,0.41530836858862735,0.0051081025561865645,0.052273211766599985,0.0030993951682021944,0.3290738692087475,0.195046112127963
7.986018207109914e-08,0.11719759766808907,0.37534395338475685,0.06224072971209379,0.06537671235500088,0.15972161812166874,0.22011930889820852
0.0009344067868786173,0.08631746611621727,0.015058314431997297,0.25695628910143337,0.022494157537736825,0.29014692767438893,0.32809243835134766
7.519461767319581e-08,0.12853110683197358,0.04328178582614204,0.09406625988704635,0.3421299564229656,0.20451092714066033,0.18747988869659443
0.0014650717053011082,0.005246307653793084,0.0001138298975236291,0.0010817441442972956,7.063281027302719e-05,0.9889975167991378,0.003024896989673996
0.006511751660863331,0.08616607023088178,0.006708769752783042,0.03351982286532729,0.00847396764661998,0.3118429566152024,0.5467766612283222
0.9613164186632471,0.028393639666745747,9.864547305617265e-05,0.0034104069222632106,4.338467222765694e-09,0.003762659294148305,0.0030182256420721886
0.0009045581524218081,0.5885361612790978,0.0014455452894670785,0.023157226694968346,0.004464987316063619,0.2549109895731266,0.12658053169485475
8.271828876581528e-08,0.1145653834313866,0.46253146459384165,0.020572764294377138,0.024229197893527846,0.1408055665012893,0.23729554056728874
0.0043631936047118045,0.08971887841400626,0.017103104270499776,0.32906408212698474,0.017903401088952355,0.244303619455072,0.29754372103977306
7.827566746866423e-08,0.08332216361283645,0.014899531391319328,0.025233777353234222,0.34465274106751503,0.29360833214890497,0.23828337615052256
0.0010408515628684144,0.0032578613542059505,0.0002295813577314426,0.0008476542626243846,9.770319228071779e-05,0.9904874897217262,0.004038858548562898
0.00157429618331158,0.04981857417587315,0.006004426901146495,0.01687097992705129,0.004318390762171722,0.25714022620794075,0.6642731058425051
0.7740248082021814,0.10518202337553491,0.00019605924175295666,0.01624617118145215,0.0014064924152426168,0.053664966965064606,0.04927947861877111
0.001617244622644004,0.36835982363047043,0.0065241933967078595,0.023656833089775633,0.004516411056704029,0.43755678876842546,0.15776870543527258
9.627099081793606e-08,0.030865001192493274,0.49692820299619905,0.06605278648640471,0.011335667431170857,0.15460380822733202,0.2402144373954093
0.0026476345186047835,0.09119365858986607,0.005708612969381053,0.24437115190076703,0.025995229738119845,0.33263036096610055,0.2974533513171608
1.056135888167674e-07,0.08512279734340224,0.06371032393164913,0.027898263144337784,0.3392785926818442,0.20436065520913752,0.2796292620760404
0.0009914812394495832,0.0029387627535939886,0.0001182443593377226,0.0006133972975271003,0.00021264649375049644,0.9920353249154295,0.0030901429409118104
0.0024095934447610616,0.06461335043481016,0.0036139074458982306,0.017395449296400533,0.007000766987281139,0.3351817843868237,0.5697851480040251
0.9721271311668268,0.01720490258690496,5.643647530928015e-09,0.0010090829305193928,5.643647530928015e-09,0.005478677148866137,0.004180194879587469
0.0014344042235494186,0.5374074748143329,0.0005801394861082562,0.02650692514358761,0.002959754372669062,0.32206025756519613,0.10905104439455662
0.005435264467068317,0.06177044919494934,0.48167566602003525,0.04762821856709078,0.047302948732614994,0.1902455627722477,0.16594189024599365
0.0015439722083766838,0.06040873893107582,0.0018840815817139,0.39879572774193073,0.0294823512866131,0.27057476252205076,0.23731036572823896
1.1502143869266665e-07,0.08612311000149225,0.02475828111451255,0.009704895073274258,0.4210201838127201,0.28184604573782657,0.17654736923873557
0.0005038207041110517,0.0032052389878385076,0.00019768928943626182,0.0008322758041758012,0.00031047360673231567,0.9908548825527691,0.004095619054937057
0.002628394028278928,0.04389501183932857,0.005085480476129904,0.011990432463556515,0.0054615643105431246,0.24188166756770846,0.6890574493144546
0.5942928510258845,0.15747759628566776,0.0004779882668964294,0.03804242896675412,0.001936090411353159,0.1106157824392631,0.09715726260418098
0.0008219558914843302,0.4161728889556538,0.005953565589491248,0.023961219518608395,0.0035799924037194964,0.4106702765521573,0.13884010108888542
1.5214512122902197e-07,0.05487715417744106,0.6004827461243079,0.03179349584200893,0.04301084059829023,0.14010693941116426,0.12972867170166644
4.808921671592383e-08,0.09554417118761643,4.808921671592383e-08,0.2757259560774476,0.05553046098293988,0.24412234094836188,0.3290769746252008
1.330439444027039e-07,0.07455739798992839,0.03828221570139792,0.02990810730500867,0.3579423153283135,0.22124156886900875,0.2780682617623985
0.0012119429882106935,0.002597793250053612,0.00021382409437028352,0.0007512348412358458,0.00013655448206885152,0.9909467189268405,0.004141931417220185
0.004522701502050696,0.07322501201365428,0.011966672949330718,0.015083915927591802,0.006028916436325196,0.282841172103433,0.6063316090676143
0.9833754529718123,0.010582204985753496,9.301446225473407e-09,0.001358269209414063,0.0022373856174789054,0.0008823416614046893,0.001564336252690475
0.0020954903516828094,0.6554241089228295,0.0016873328101607652,0.013537007338174518,0.006982963863755463,0.2259440263842401,0.0943290703291567
1.235031224670279e-07,0.08107453837333349,0.5306268353735448,0.05253718717600435,0.035931762242202514,0.14040512427572618,0.1594244290560661
4.905268653258187e-08,0.12280154208657643,0.01566840081466854,0.4247757950992563,0.028125915831364458,0.20342393753545154,0.20520435957999622
1.5393767805668216e-07,0.06740803670596263,0.043159931637792005,1.5393767805668216e-07,0.5028660792597661,0.15265686032238213,0.23390878419874084
0.0005374632513074913,0.002059408786621609,0.00029368687808406827,0.0004983094848530784,3.861401725810793e-05,0.9940125454564207,0.0025599721254548546
0.002460056047862798,0.04610480376388746,0.008288818821413609,0.012600534889607145,0.007022992817339778,0.14129582496132284,0.7822269686985664
0.810988866699522,0.09494442168415178,9.287024787316501e-09,0.014105155933975743,9.287024787316501e-09,0.026162190256333394,0.0537993468519677
0.003993328149608948,0.4819708296962108,0.0023065463993813063,0.016542871805847435,0.0031725665546867457,0.3654389038350732,0.1265749535591915
0.003274217425101825,0.13460123075112132,0.5701464568897597,0.03813544289817715,0.05676507755574652,0.10359333158060843,0.09348424289948505
7.105241554344198e-08,0.08382347055326096,0.02356854885502824,0.33921604607872685,0.04819960180731081,0.18688260480988014,0.3183096568433774
0.029349108970240703,0.10217181984615022,0.022369456722829098,1.5526966343652942e-07,0.5463054158279419,0.19647090227145989,0.10333314109171485
0.0008948796587874919,0.0010315323632361622,0.00040955190749877477,0.00035554004619828603,0.0001472387215675988,0.9946115854971278,0.002549671805583919
0.0025666810331025146,0.06537756532411,0.005947999102124561,0.006945878223335001,0.004439287089157548,0.21494880810153807,0.6997737811266322
0.987286013310425,0.005242989188553261,1.1051430282755704e-08,0.0006687489420250013,1.1051430282755704e-08,0.004799304219122525,0.002002922237013624
0.003291274656110732,0.6427598748956945,0.000611337497684644,0.016331541238297713,0.0023135522578734756,0.2505778656202116,0.08411455383412741
0.011825327568629215,1.4639585817208054e-07,0.7007540445164806,1.4639585817208054e-07,0.04942024828669309,0.08580129879247861,0.15219878804400197
1.0048601813033922e-07,0.047385277749046176,0.007345427426199256,0.44227788757181075,0.0443947842812373,0.17199684216772904,0.28659968031795924
0.006268079233237377,0.06995723260176713,0.019965106302063395,1.67367830517225e-07,0.5107799696366295,0.10492388488598363,0.2881055599724886
0.0004894635957406276,0.0016680996953419495,0.0001800645113357292,0.000321063458659322,6.661913829354877e-05,0.994323046120576,0.002951643480052855
0.0018952404023965534,0.024854933031633605,0.00459334712922484,0.008771837762902714,0.00399004142099042,0.14372062634203603,0.8121739739108159
0.600985685042318,0.14312422661668892,0.0052087724379992085,0.020893448884881132,0.0008395728067083589,0.1195965545731066,0.10935173963829783
0.004071816483631139,0.392617158320928,0.014754447437835397,0.009053246151897568,0.0062044497244261925,0.3981992546828991,0.17509962719838268
1.6286770844929756e-07,0.04779449513277888,0.6917706459649448,0.03516518764419296,0.05435085607435304,0.1016720586058303,0.06924659371019161
1.3127758662850766e-07,0.03577531416870584,0.01258310123127264,0.45650801464756796,0.00553918093687472,0.23815401054642535,0.25144024719156693
2.1136234284293207e-07,0.0549315310255847,0.015909811248761244,2.1136234284293207e-07,0.5558316059752094,0.11535786832605792,0.25796876069970104
0.001072337092014367,0.0011611915890549233,0.0003085258699317516,0.0004365930381155992,0.00018987764143228023,0.9940687497056784,0.0027627250637727307
0.007804496926032907,0.0686582422821626,0.006471768285834628,0.017949557415645596,0.002806295761667343,0.24624152842297006,0.6500681109056868
0.978230522311043,0.004160999201962046,1.7008620496758954e-08,1.7008620496758954e-08,1.7008620496758954e-08,0.011933330265673687,0.005675097195459873
2.1552407816035205e-08,0.6877865677570902,0.004092834768801775,0.012209818676710442,0.0014571756453829062,0.21037572033230384,0.08407786126730309
1.3659799614425585e-07,0.05414239126749195,0.6381415287890525,1.3659799614425585e-07,0.00580032054719388,0.08862312338585346,0.21329236281441574
1.0384851999117648e-07,0.02913550608425495,0.012313399188477814,0.6481476906933115,0.005165174785268938,0.054551431460682774,0.25068669393948406
2.343497679216633e-07,0.0529519867929117,0.035600483916450223,2.343497679216633e-07,0.49162387139046526,0.15387062468136897,0.26595256451926785
0.0006012222565859901,0.0007833453862533135,0.0002239733182663323,0.00038343075130305734,6.081924693794721e-05,0.9944661935984292,0.0034810154422242287
0.002790661088271997,0.03066146980486169,0.005754769295210993,0.002701435126138569,0.0018709444525345413,0.12344909530860439,0.8327716249243778
0.8465188850196123,0.0581255800168174,1.683442588759738e-08,0.01420119349896189,1.683442588759738e-08,0.04671336040404405,0.03444094739171255
0.006676340872714759,0.538065698802515,0.010768229921166645,0.00944259154959323,0.0017779951754260679,0.30882959439864544,0.12443954927993876
0.007596427898625236,0.041838384852341204,0.6125353326907585,1.5638336842413956e-07,0.01956169161869988,0.18103502131748775,0.13743298523871883
0.02198796533126525,0.07037504985206182,0.03026507659341309,0.4962531105585723,0.021455874735510458,0.08172108564110653,0.2779418372880706
3.792183108363098e-07,0.08987660661949833,0.04544129602547661,3.792183108363098e-07,0.5611763086442728,0.1660867077754546,0.13741832249867597
0.0006248720909188301,0.00136990689039436,0.00013662883680236893,0.0002015019353486294,4.3414785366089383e-05,0.9947117900668017,0.0029118853943679575
0.006027929578135801,0.053799766098821436,0.003110822350022115,0.008980370744582827,0.007433455449099318,0.17647898827366698,0.7441686675056715
0.9769319847541675,0.014503668857416992,1.8831303761747727e-08,1.8831303761747727e-08,1.8831303761747727e-08,0.004344344868114124,0.004219945026389896
0.002773162986731948,0.7222865257659071,0.0037268062423037565,0.004117952427662607,0.0016275040245892103,0.2040862421690099,0.06138180638379547
1.845218593764703e-07,0.014732233800740142,0.6494398443226843,1.845218593764703e-07,0.03608872425184748,0.10860326376918866,0.19113556481182054
1.4672296652336887e-07,0.04341163618358827,0.004964816942139029,0.5723065340374612,0.07538500728994127,0.058698334244189465,0.24523352457971404
3.5317404320571755e-07,0.05421014092414703,3.5317404320571755e-07,3.5317404320571755e-07,0.4835128787796097,0.08123041641436729,0.3810455043597463
0.000364043035914523,0.001086114242688689,0.00014816043696401577,0.0003201777246940918,3.442683554971468e-05,0.9958701910020955,0.0021768867220935163
0.0051077742632719865,0.025918964115391532,0.005605327563352433,0.002301278967679342,0.0031347520839655808,0.14674652315671832,0.8111853798496207
0.710618005525777,0.09618138476429265,1.8702484736229083e-08,0.037052000646467693,1.8702484736229083e-08,0.08247190967082653,0.07367666198766647
0.00236611568146877,0.4324543462949335,0.0016504260048901124,0.003958161131225344,0.0049020120398932596,0.38954727641242076,0.16512166243516835
2.144566114294428e-07,0.01147272107939989,0.5817401877406386,0.009159436637646469,0.011725788388742841,0.20781436514003557,0.17808728655692507
0.035704856922267096,0.056218450010895635,1.9498607608190584e-07,0.4492351044966029,1.9498607608190584e-07,0.15988278596903704,0.29895841262904516
3.9129663779693417e-07,0.011068168061322381,0.053889665169345215,3.9129663779693417e-07,0.5325296557621728,0.1279758276540052,0.2745359007598788
0.0007054796998208714,0.0010508313907346618,0.00020527066275402496,0.0002241996468656359,3.787736663694184e-10,0.9948673961923021,0.002946822028749008
0.006718688393561272,0.053197459445959557,0.009973700310961781,0.007038898576029311,0.0036419680287580643,0.2543248381600512,0.6651044470846789
0.9948145673227671,0.004084083177761814,2.4527444793089023e-08,2.4527444793089023e-08,2.4527444793089023e-08,2.4527444793089023e-08,0.0011012513896919236
0.019893016702318123,0.6449038592938148,0.0032622212447996454,0.0029950118514979573,0.002969525180118312,0.2692470973050542,0.05672926842239692
0.011067526571909838,0.030264046557492895,0.6303419240908719,0.011751750437591215,0.031061555009628115,0.11573409686595995,0.16977910046654615
0.01606096862805896,1.7447950260274936e-07,1.7447950260274936e-07,0.5778646488467208,0.03173935226086019,0.03800287448688643,0.3363318068184684
5.187208687486581e-07,0.3120045943086031,5.187208687486581e-07,0.029742530252064584,0.5118833517423329,0.10322687843019318,0.04314160782506863
0.00011904460551271593,0.0007763894823134105,0.00014632186623055315,0.0003363328263426105,0.0001576058566832718,0.9953161565062921,0.0031481488566253097
0.00853922186190134,0.030182918757719314,0.00215167790555976,0.004890975425516238,0.005346788503758331,0.13982467905993848,0.8090637384856065
0.8954862846912335,0.054053694042824965,2.3647790388524395e-08,0.013040972371901504,2.3647790388524395e-08,0.024821564148641763,0.012597437449817419
0.0134713003678856,0.5167459953282554,0.023895205426821775,0.007043080841460663,4.3059937500696626e-08,0.34788386261296356,0.09096051236267559
2.902660707915748e-07,0.059996588179542155,0.5020063298916384,2.902660707915748e-07,2.902660707915748e-07,0.1814572798048592,0.2565389313257479
2.0764833064263025e-07,0.09667066153741866,0.006522926044385438,0.620090431766345,2.0764833064263025e-07,0.11633265900033912,0.16038290635485042
4.422462783520947e-07,0.011732228643396538,0.020989839260257968,4.422462783520947e-07,0.5017273766582993,0.3275432286982938,0.1380064422471958
0.0005222450842691728,0.001664122601882511,9.937011515552736e-05,0.00015715078995642067,3.906330557933704e-05,0.9945352007094276,0.0029828473937294543
0.009823563288219966,0.05613499603144769,0.004418303930132646,0.005702565794367548,0.003393372542225063,0.19430865144795534,0.7262185469656517
0.9739180506407491,0.001306312317917336,2.4766019404109342e-08,2.4766019404109342e-08,2.4766019404109342e-08,0.01585869990400011,0.008916862839275114
0.004936551094931951,0.5983150231175319,4.1655499057806096e-08,0.021663563397423178,0.002956649770945414,0.3192686939493463,0.05285947701432223
3.34596883903793e-07,0.11578260379598408,0.6576347243695472,3.34596883903793e-07,0.02445869757282851,0.11038364139095236,0.09173966367692017
0.020262034465523722,0.04056430469406914,2.180619773218253e-07,0.6570008594499819,2.180619773218253e-07,0.08882688674074331,0.19334547852572742
6.600437009845043e-07,6.600437009845043e-07,0.12878032016887717,0.03756704722961217,0.23042801429146523,0.20762769185055063,0.3955956063720928
0.0002261944560617542,0.0006792999747808775,7.594978313940833e-05,0.00040585858785072637,4.345591209857102e-05,0.9958215370679706,0.002747704218098026
0.006231766743964203,0.02728046436835745,0.01149511246657646,0.004984187222713389,0.002296040029295065,0.12015507111736448,0.8275573580517289
0.8172685853863519,0.06022330716918728,0.0034668793092041696,0.006690456503697297,2.4635847426986894e-08,0.053381198779568345,0.05896954821614376
0.04011508808512193,0.48579269241411466,0.0015084748405124735,0.013227561552195207,5.338891566300752e-08,0.3759082309614659,0.08344789875767425
3.1362004929439804e-07,3.1362004929439804e-07,0.665082379692078,0.01763555012821302,0.02562312204651047,0.1781077504619799,0.11355057043112006
0.04062442027299225,0.08843236938909181,0.01883966506681188,0.5195800194849717,0.03270612449148401,0.057642629771170927,0.2421747715234774
1.2909561872864568e-06,1.2909561872864568e-06,1.2909561872864568e-06,1.2909561872864568e-06,0.46860576573442414,0.24860110858180698,0.2827879618590198
0.0004978184228808118,0.0005350331210838777,0.00014604088924194102,0.000936883925872603,3.631956992273721e-05,0.9941243807681948,0.003723523302803352
0.011989969870668755,0.03246239061235939,0.011286340987280036,0.020960384979584662,0.0007811448959896179,0.2687045650281653,0.6538152036259522
0.9943889344043866,2.7538428385023702e-08,2.7538428385023702e-08,2.7538428385023702e-08,2.7538428385023702e-08,0.0030521206009215354,0.002558834840978302
0.025409624845051153,0.6819958489163532,6.366507472048437e-08,0.019445302901738154,6.366507472048437e-08,0.19011942317469066,0.08302967283201741
0.06949878995325731,0.09793668049181224,0.5338727431163504,0.013652425267471274,2.801601673260114e-07,0.15138393345757886,0.13365514755336277
1.3909522839753463e-07,0.0660896726945442,0.007003739725995509,0.5940758039778787,0.04236165324171676,0.11223789516667354,0.1782310960979627
1.312005004228909e-06,1.312005004228909e-06,0.09590625363295172,1.312005004228909e-06,0.583287191481179,0.10938710625768741,0.2114155126131691
0.0005850874521351137,0.0007591754299150547,0.0003097030266172782,0.0006804423910153841,3.689750128535894e-10,0.9930697104676277,0.004595880863714456
0.011337941678524702,0.03722779352547179,0.0028199540097530364,0.01169621882783853,0.004106322337889637,0.12132671002867919,0.8114850595918432
0.9506949655768444,0.02872507222528742,2.5614313076567514e-08,0.0011477937932588866,2.5614313076567514e-08,0.014668352091658234,0.004763765084324654
0.02023183038953749,0.5121205779538182,0.010679523035734061,0.0031905581132962418,6.293881795384796e-08,0.33705373662785665,0.1167237109409395
3.28712058055594e-07,0.04112732703885455,0.6769033586680686,0.023034974301237708,3.28712058055594e-07,0.21371037227030684,0.04522331029741623
1.390816191380892e-07,1.390816191380892e-07,0.011019699428646463,0.4713040377032624,0.019572346827410332,0.07913428049885625,0.4189693573785863
9.978424763273182e-07,9.978424763273182e-07,0.23117957623455856,9.978424763273182e-07,0.46636705689903507,0.11624279312763518,0.1862075802113421
0.0009201154143420221,0.001109933640523256,7.9391852450201e-05,0.0016099746585863024,0.00010304987150957097,0.9910233615423378,0.005154173020250834
0.02395500861905977,0.023218101494267018,0.005565096099402856,0.018601137152071477,0.008575078303266901,0.181869097357139,0.7382164809747929
0.9839351856032326,0.004799097387421772,2.4096179281677237e-08,2.4096179281677237e-08,2.4096179281677237e-08,0.002978080601136025,0.008287564119671648
0.018142106631287788,0.6312349256773707,0.020230066509743114,0.005873055796214075,7.188460660547225e-08,0.26179520624896513,0.0627245672518128
3.204582000511605e-07,3.204582000511605e-07,0.7512572665720952,0.03338917526147236,0.042740310994847444,0.1079241524041119,0.06468845385107284
0.03849817433011871,0.016952312740659673,0.01263634292393296,0.4968016256219166,0.02295222793392158,0.02884105075565209,0.38331826569379834
0.14328858438590752,6.893104885244491e-07,6.893104885244491e-07,0.037734584913922176,0.6566162010200083,0.08535048011174229,0.07700877094744261
0.0007346159139140793,0.0007750771168170672,3.4989497203145036e-05,0.0012036325969547014,3.705913135876192e-10,0.9915617201266145,0.0056899643779052544
0.017215435683019913,0.00919693790014371,0.0016918375416911267,0.021105375741273042,0.0012636401580422133,0.12586237661110455,0.8236643963647254
0.8262052262070654,0.03222437397581722,0.001308696329244986,2.2323389958586874e-08,2.2323389958586874e-08,0.10948188390979882,0.030779774931293608
8.438243794904468e-08,0.34144322493576734,8.438243794904468e-08,0.008781638923279588,8.438243794904468e-08,0.5022834682444526,0.14749141474918653
3.389419415717175e-07,3.389419415717175e-07,0.53544283175476,0.01934213190880315,0.08616436018906168,0.14159190923001397,0.2174580890334779
0.012165028801771447,0.016484323457695977,0.017122242882700034,0.4127457303384349,0.04587057357093936,0.08607171313333489,0.40954038781512325
7.239741708364893e-07,0.08308879696287835,7.239741708364893e-07,0.22428914796458363,0.25870948481955636,0.08732776184293425,0.3465833604617056
0.0015071786479396762,0.0015666330737428853,0.00010634596036707354,0.002772267864838307,1.641393027465283e-05,0.9800139855686155,0.014017174954221872
0.01837059932808951,0.010429406673829526,0.008583867773778087,0.013597731423610745,0.003907303004221758,0.2354952127092556,0.7096158790872148
0.9689840996905892,0.0033740609957399344,2.3485508718480628e-08,2.3485508718480628e-08,2.3485508718480628e-08,0.017489180568541794,0.010152588288602916
0.018032182897830824,0.43709992549172927,9.286527285097293e-08,0.016050663924054794,0.008630158989216237,0.41134805856633644,0.10883891726555955
3.6482573717547067e-07,3.6482573717547067e-07,0.7174988430258092,3.6482573717547067e-07,0.04209093428150791,0.18294154176627975,0.057467586449191574
0.014331752757050877,0.00587062205452568,0.019499205067857777,0.43768785795615545,0.043891672238162656,0.053941207657627686,0.42477768226861984
7.206954834359563e-07,7.206954834359563e-07,0.13620938549935058,7.206954834359563e-07,0.2888743871648352,0.1356805252132718,0.4392335400360921
0.0011824597215899276,0.0018037024500670053,0.000246714876633348,0.002417290394176651,0.00014887435248887987,0.9814082806809377,0.012792677524106583
0.021215381967027245,0.014381347017304097,0.005154098285070201,0.011766557176381247,0.0017990264208998124,0.1786503681284871,0.7670332210048303
0.9270486799014137,0.006440388741228942,2.131787813354671e-08,0.0012926183616345096,2.131787813354671e-08,0.052861588838068324,0.01235668152189828
0.08936309625415285,0.3838378109043884,8.952305337592317e-08,8.952305337592317e-08,8.952305337592317e-08,0.43689264581165843,0.08990617846064015
2.793948400836804e-07,2.793948400836804e-07,0.6900288943785139,2.793948400836804e-07,2.793948400836804e-07,0.07659475097959216,0.23337523706253382
0.004488257491983324,0.007527083684225592,0.00561415229569803,0.3900708134782409,0.058563664810441375,0.07789784872960984,0.45583817950980104
0.035501391592624366,5.713100090972801e-07,5.713100090972801e-07,5.713100090972801e-07,0.7846001668695679,0.059525922629962584,0.12037080497781788
0.0011261114320313714,0.0009632669428556114,0.0003928877336121233,0.0013890353686274396,0.0002771568757265568,0.9865693808843323,0.009282160762814693
0.023403554827967854,0.012605037648064286,0.002028017130898182,0.011702766253014894,0.00938443571929027,0.19961020588915784,0.7412659825316066
0.9590489660954779,0.0032094312647106002,0.0038560795258939357,1.9858709249797354e-08,0.0018548828422276496,0.020446630404506682,0.011583990008473937
0.05590255267597339,0.6201655699197334,1.1456723722097257e-07,0.01074710153968591,1.1456723722097257e-07,0.1963078254120415,0.11687672131809135
2.61589450502695e-07,2.61589450502695e-07,0.664589980858322,2.61589450502695e-07,2.61589450502695e-07,0.12283799810720822,0.2125709746766678
9.660948625328836e-08,0.03465594081176207,9.660948625328836e-08,0.6426831029706366,0.005288645571488072,0.11619424176705072,0.20117787566009004
0.14531359176362446,2.4975459062170116e-07,0.0526069949856123,0.017771956931154007,0.35250045812731506,0.2963019547008092,0.1355047937368943
0.0007858105218427705,0.001232470361305775,0.0001858996464619248,0.0019117275123660673,0.00012414369293624498,0.9869347111332745,0.008825237131812706
0.014750396158938167,0.010663290309393055,0.005905870538616663,0.00701000114716952,0.0038312395719532454,0.22533201276539908,0.7325071895085303
0.8946927303793236,0.014373084396367706,0.002397630793095311,0.0023029092066914484,1.8788992727597753e-08,0.07445153885085679,0.011782087584672205
0.06857529567212335,0.44790698919667093,9.546221513178881e-08,0.021630253278871133,9.546221513178881e-08,0.40026204253656356,0.06162522839134076
0.019528315920101263,2.408975558160609e-07,0.7921853520806026,2.408975558160609e-07,2.408975558160609e-07,0.022069843732401968,0.16621576557422682
0.017962399579281422,7.869188147217848e-08,0.015404192227195206,0.5115010644817071,0.024920398585299586,0.06647277572419556,0.3637390907104398
4.253367975456312e-07,4.253367975456312e-07,0.05209880791024639,0.03972815745532392,0.4543790210549986,0.03072784434735295,0.423065318558483
0.0017700528088696059,0.0010694641875383143,0.00034394054993313163,0.0016863487594173813,2.531658849810442e-05,0.9850624010754772,0.010042476030266397
0.028354421395134756,0.011260060716211617,0.007716095046373125,0.007893514884237908,0.005406600829422582,0.23946146444896552,0.6999078426796543
0.9643640553152324,0.001205887145060278,1.7658610517409488e-08,1.7658610517409488e-08,1.7658610517409488e-08,0.024032098766074116,0.010397905797801607
0.005546549756257259,0.44067826527633686,0.017637446244132427,0.013131721399276814,1.0423679225416155e-07,0.3077233324443653,0.2152825806428392
0.02315758489643756,0.022357629174188955,0.7188291376165139,1.8037514989111242e-07,0.03373197976965397,0.05796158330488214,0.14396190486317362
0.008391223322887402,0.004162099946415036,0.006113561880442007,0.5553862061364847,0.03391992753788432,0.027170113733623907,0.3648568674422626
4.797109470938354e-07,0.04425200962559487,4.797109470938354e-07,0.043212514702057114,0.6503868251009238,0.13472317062997247,0.12742452051955752
0.002010442071462063,0.0011519317986340685,0.00030656326144327126,0.0011803243007755032,0.00019076824774972483,0.9868971825676521,0.008262787752283342
0.02062048739260205,0.005004435117961467,0.014047991470881763,0.013529834273493626,0.003543833811411053,0.1361375684979725,0.8071158494356775
0.9197838633566245,0.015656493472792573,1.5979055908024873e-08,0.0018915501171426316,0.0010572498766938828,0.051978378570131725,0.009632448627559057
0.01700018313401656,0.3121708098361271,1.2229280988836436e-07,0.0048336093780593494,1.2229280988836436e-07,0.49967337416578234,0.16632177890039507
1.5001133188707022e-07,0.019605270368894888,0.6527582253075568,0.01919578811097134,0.013527903239264113,0.09487346160749263,0.2000392013544884
8.524746976988612e-08,0.024692290561140695,8.524746976988612e-08,0.6236042385916871,0.024826248599712452,0.10626227709716367,0.22061477465535653
3.479803252248164e-07,3.479803252248164e-07,0.038025972271903886,0.07150721140633029,0.5204906418358005,0.15784056461643164,0.21213491390888303
0.001339362272906767,0.001267165658458775,0.0003123822292526221,0.0012324052513036934,0.00014760299835257665,0.9861321259987526,0.009568955590972948
0.034742800727014564,0.006917419877748764,0.010623685792606427,0.0052293486838762065,0.0013039662227984803,0.1396785301021671,0.8015042485937884
0.9598088421071223,1.5266475373277618e-08,1.5266475373277618e-08,0.004086966022113926,0.00047237867869679177,0.01769144532305875,0.017940337336057592
0.035962286669784856,0.36803575828141316,0.010295805179590077,1.230419697439045e-07,1.230419697439045e-07,0.3332953809726724,0.25241052281259974
0.031178827557660584,0.027002528993423043,0.6444267212024746,1.5170226034899868e-07,0.028921642223570528,0.0838071043930632,0.1846630239275476
8.560611267233886e-08,0.031878550103395575,8.560611267233886e-08,0.6850835538299935,0.021714508865764648,0.050404622248158705,0.21091859374046223
4.0142254186145756e-07,0.07062893908013988,0.07661496932740758,0.02434042192818321,0.3293618042129337,0.2002488354253511,0.2988046286034426
0.00160125870473021,0.0019473617318184477,0.00027310819448925385,0.0013114744217002626,8.552341330547735e-05,0.9853110512467629,0.00947022228719344
0.016641397446860273,0.00596881662287076,0.012005666263645876,0.00447963156845226,0.006447361994335342,0.09461046071217064,0.8598466653916648
0.8797982390578012,0.012217507264734933,0.0012442770327508578,0.013243271629682916,0.0021418282255185927,0.0390537084160161,0.052301168373495376
0.03365463977465525,0.4280765659886857,1.0438001878637132e-07,0.016179698024296623,1.0438001878637132e-07,0.3961389907173373,0.1259498967349875
1.469840950214623e-07,0.006725749272132129,0.6587000224016102,0.07017386570181934,0.01634335701688586,0.07311674098750726,0.17494011763595022
