Dependency=Location	Dependency=Geometry Building Type ACS	Dependency=Vintage ACS	Option=0-1499	Option=1500-2499	Option=2500-3499	Option=3500+	Counts
AL_Birmingham.Muni.AP.722280	Single-Family Detached	1940-59s	0.400268	0.284307	0.245230	0.070195	80944.519340
AL_Birmingham.Muni.AP.722280	Single-Family Detached	1960-79s	0.284659	0.427585	0.152326	0.135430	129716.747700
AL_Birmingham.Muni.AP.722280	Single-Family Detached	1980-99s	0.120997	0.454268	0.194786	0.229949	113563.760800
AL_Birmingham.Muni.AP.722280	Single-Family Detached	2000-09s	0.169937	0.468056	0.193416	0.168591	73873.386320
AL_Birmingham.Muni.AP.722280	Single-Family Detached	<1940	0.309425	0.361416	0.182238	0.146921	33656.783050
AL_Birmingham.Muni.AP.722280	Single-Family Detached	2010s	0.165918	0.456748	0.203702	0.173633	8182.140837
AL_Huntsville.Intl.AP-Jones.Field.723230	Single-Family Detached	1940-59s	0.493014	0.377211	0.089666	0.040109	51390.502450
AL_Huntsville.Intl.AP-Jones.Field.723230	Single-Family Detached	1960-79s	0.341039	0.470077	0.126106	0.062778	117810.137200
AL_Huntsville.Intl.AP-Jones.Field.723230	Single-Family Detached	1980-99s	0.244264	0.471900	0.187137	0.096700	107947.202600
AL_Huntsville.Intl.AP-Jones.Field.723230	Single-Family Detached	2000-09s	0.147167	0.463659	0.239115	0.150060	58428.451310
AL_Huntsville.Intl.AP-Jones.Field.723230	Single-Family Detached	<1940	0.382772	0.437447	0.110067	0.069714	20674.969620
AL_Huntsville.Intl.AP-Jones.Field.723230	Single-Family Detached	2010s	0.152890	0.362660	0.299419	0.185031	9251.347837
AL_Mobile-Rgnl.AP.722230	Single-Family Detached	1940-59s	0.428285	0.304580	0.158274	0.108862	66608.041480
AL_Mobile-Rgnl.AP.722230	Single-Family Detached	1960-79s	0.313656	0.396420	0.172771	0.117153	142511.612000
AL_Mobile-Rgnl.AP.722230	Single-Family Detached	1980-99s	0.204985	0.347902	0.280108	0.167005	148523.797400
AL_Mobile-Rgnl.AP.722230	Single-Family Detached	2000-09s	0.203780	0.386976	0.232562	0.176682	92992.875770
AL_Mobile-Rgnl.AP.722230	Single-Family Detached	<1940	0.315844	0.339871	0.182810	0.161474	18100.319670
AL_Mobile-Rgnl.AP.722230	Single-Family Detached	2010s	0.176975	0.405417	0.238814	0.178794	10622.739330
AL_Montgomery-Dannelly.Field.722260	Single-Family Detached	1940-59s	0.421472	0.319085	0.145212	0.114231	36454.368030
AL_Montgomery-Dannelly.Field.722260	Single-Family Detached	1960-79s	0.308742	0.364991	0.216390	0.109877	81515.954960
AL_Montgomery-Dannelly.Field.722260	Single-Family Detached	1980-99s	0.225113	0.369403	0.170337	0.235147	69193.504150
AL_Montgomery-Dannelly.Field.722260	Single-Family Detached	2000-09s	0.191835	0.387802	0.222286	0.198077	39184.783150
AL_Montgomery-Dannelly.Field.722260	Single-Family Detached	<1940	0.332718	0.374773	0.159422	0.133087	16417.657430
AL_Montgomery-Dannelly.Field.722260	Single-Family Detached	2010s	0.204350	0.305877	0.272546	0.217227	5797.730642
AR_Fort.Smith.Rgnl.AP.723440	Single-Family Detached	1940-59s	0.536347	0.340491	0.068105	0.055057	28802.854360
AR_Fort.Smith.Rgnl.AP.723440	Single-Family Detached	1960-79s	0.373674	0.451051	0.119567	0.055708	67804.794770
AR_Fort.Smith.Rgnl.AP.723440	Single-Family Detached	1980-99s	0.238086	0.485505	0.199011	0.077398	67397.940710
AR_Fort.Smith.Rgnl.AP.723440	Single-Family Detached	2000-09s	0.175095	0.484046	0.203138	0.137720	35155.179660
AR_Fort.Smith.Rgnl.AP.723440	Single-Family Detached	<1940	0.510574	0.334929	0.107670	0.046827	15248.020190
AR_Fort.Smith.Rgnl.AP.723440	Single-Family Detached	2010s	0.152544	0.412299	0.259910	0.175246	5051.140041
AR_Little.Rock-Adams.Field.723403	Single-Family Detached	1940-59s	0.459430	0.304320	0.114580	0.121670	56468.625710
AR_Little.Rock-Adams.Field.723403	Single-Family Detached	1960-79s	0.302587	0.491395	0.120929	0.085089	130701.567400
AR_Little.Rock-Adams.Field.723403	Single-Family Detached	1980-99s	0.220496	0.323503	0.258886	0.197115	107372.924000
AR_Little.Rock-Adams.Field.723403	Single-Family Detached	2000-09s	0.341949	0.307733	0.230595	0.119723	62145.585120
AR_Little.Rock-Adams.Field.723403	Single-Family Detached	<1940	0.409745	0.313414	0.157091	0.119750	21923.923130
AR_Little.Rock-Adams.Field.723403	Single-Family Detached	2010s	0.213461	0.287220	0.269706	0.229613	8973.212524
AZ_Flagstaff-Pulliam.AP.723755	Single-Family Detached	1940-59s	0.527241	0.334542	0.088812	0.049405	5898.185619
AZ_Flagstaff-Pulliam.AP.723755	Single-Family Detached	1960-79s	0.387170	0.414028	0.149756	0.049045	19602.160980
AZ_Flagstaff-Pulliam.AP.723755	Single-Family Detached	1980-99s	0.315871	0.424406	0.167728	0.091995	25043.820190
AZ_Flagstaff-Pulliam.AP.723755	Single-Family Detached	2000-09s	0.149857	0.451174	0.245407	0.153561	12581.661340
AZ_Flagstaff-Pulliam.AP.723755	Single-Family Detached	<1940	0.456760	0.370336	0.092929	0.079976	2432.815576
AZ_Flagstaff-Pulliam.AP.723755	Single-Family Detached	2010s	0.130636	0.415344	0.212747	0.241272	730.217577
AZ_Phoenix-Sky.Harbor.Intl.AP.722780	Single-Family Detached	1940-59s	0.554302	0.243610	0.116646	0.085442	88822.315840
AZ_Phoenix-Sky.Harbor.Intl.AP.722780	Single-Family Detached	1960-79s	0.341489	0.446932	0.159299	0.052281	230514.823000
AZ_Phoenix-Sky.Harbor.Intl.AP.722780	Single-Family Detached	1980-99s	0.168283	0.596034	0.167226	0.068457	378520.047900
AZ_Phoenix-Sky.Harbor.Intl.AP.722780	Single-Family Detached	2000-09s	0.148076	0.398619	0.245471	0.207835	330933.611300
AZ_Phoenix-Sky.Harbor.Intl.AP.722780	Single-Family Detached	<1940	0.294753	0.270176	0.218781	0.216290	12526.695820
AZ_Phoenix-Sky.Harbor.Intl.AP.722780	Single-Family Detached	2010s	0.097410	0.564693	0.240356	0.097540	20069.879450
AZ_Prescott-Love.Field.723723	Single-Family Detached	1940-59s	0.551739	0.329795	0.076580	0.041886	4020.887697
AZ_Prescott-Love.Field.723723	Single-Family Detached	1960-79s	0.345589	0.456034	0.152464	0.045913	15516.355580
AZ_Prescott-Love.Field.723723	Single-Family Detached	1980-99s	0.225044	0.504416	0.188171	0.082369	35535.398920
AZ_Prescott-Love.Field.723723	Single-Family Detached	2000-09s	0.180941	0.433560	0.230872	0.154627	23067.941560
AZ_Prescott-Love.Field.723723	Single-Family Detached	<1940	0.487567	0.352316	0.087289	0.072828	2462.662709
AZ_Prescott-Love.Field.723723	Single-Family Detached	2010s	0.183799	0.428263	0.231215	0.156723	1277.676546
AZ_Tucson.Intl.AP.722740	Single-Family Detached	1940-59s	0.379097	0.389134	0.120178	0.111591	42538.634050
AZ_Tucson.Intl.AP.722740	Single-Family Detached	1960-79s	0.264043	0.440584	0.216184	0.079189	73627.742950
AZ_Tucson.Intl.AP.722740	Single-Family Detached	1980-99s	0.280904	0.428468	0.174958	0.115670	89950.682100
AZ_Tucson.Intl.AP.722740	Single-Family Detached	2000-09s	0.180779	0.474834	0.229821	0.114566	70949.313460
AZ_Tucson.Intl.AP.722740	Single-Family Detached	<1940	0.360869	0.274579	0.184420	0.180132	9547.609832
AZ_Tucson.Intl.AP.722740	Single-Family Detached	2010s	0.226514	0.289270	0.236940	0.247275	5202.362913
CA_Arcata.AP.725945	Single-Family Detached	1940-59s	0.531798	0.331958	0.083004	0.053239	22749.444500
CA_Arcata.AP.725945	Single-Family Detached	1960-79s	0.367182	0.417427	0.160763	0.054628	27837.160040
CA_Arcata.AP.725945	Single-Family Detached	1980-99s	0.248170	0.472274	0.183096	0.096460	32419.494470
CA_Arcata.AP.725945	Single-Family Detached	2000-09s	0.163470	0.433434	0.235580	0.167517	13762.420670
CA_Arcata.AP.725945	Single-Family Detached	<1940	0.477889	0.358779	0.089591	0.073741	10324.627320
CA_Arcata.AP.725945	Single-Family Detached	2010s	0.138829	0.397595	0.236050	0.227526	985.437880
CA_Bakersfield-Meadows.Field.723840	Single-Family Detached	1940-59s	0.370830	0.379587	0.126698	0.122885	43121.621090
CA_Bakersfield-Meadows.Field.723840	Single-Family Detached	1960-79s	0.312414	0.443224	0.131787	0.112575	49492.736070
CA_Bakersfield-Meadows.Field.723840	Single-Family Detached	1980-99s	0.230307	0.446480	0.197352	0.125860	57662.037660
CA_Bakersfield-Meadows.Field.723840	Single-Family Detached	2000-09s	0.146808	0.626383	0.117206	0.109602	44385.741240
CA_Bakersfield-Meadows.Field.723840	Single-Family Detached	<1940	0.348731	0.300517	0.177281	0.173472	13788.481540
CA_Bakersfield-Meadows.Field.723840	Single-Family Detached	2010s	0.125289	0.617715	0.131993	0.125002	3265.761485
CA_Fresno.Air.Terminal.723890	Single-Family Detached	1940-59s	0.358180	0.379848	0.136353	0.125620	74865.252000
CA_Fresno.Air.Terminal.723890	Single-Family Detached	1960-79s	0.345458	0.371542	0.183334	0.099665	107754.296100
CA_Fresno.Air.Terminal.723890	Single-Family Detached	1980-99s	0.189619	0.527062	0.163481	0.119838	122490.872600
CA_Fresno.Air.Terminal.723890	Single-Family Detached	2000-09s	0.150876	0.448789	0.249793	0.150542	83010.619040
CA_Fresno.Air.Terminal.723890	Single-Family Detached	<1940	0.379907	0.279899	0.171827	0.168368	27751.402340
CA_Fresno.Air.Terminal.723890	Single-Family Detached	2010s	0.211963	0.325463	0.246504	0.216070	6823.095211
CA_Long.Beach-Daugherty.Field.722970	Single-Family Detached	1940-59s	0.384227	0.316068	0.154685	0.145020	542252.681200
CA_Long.Beach-Daugherty.Field.722970	Single-Family Detached	1960-79s	0.234166	0.427493	0.185974	0.152366	508967.514100
CA_Long.Beach-Daugherty.Field.722970	Single-Family Detached	1980-99s	0.217567	0.399501	0.265048	0.117884	357642.363500
CA_Long.Beach-Daugherty.Field.722970	Single-Family Detached	2000-09s	0.088794	0.332488	0.334303	0.244415	173448.174600
CA_Long.Beach-Daugherty.Field.722970	Single-Family Detached	<1940	0.382168	0.263544	0.171675	0.182613	116052.316000
CA_Long.Beach-Daugherty.Field.722970	Single-Family Detached	2010s	0.124688	0.126615	0.621936	0.126762	12609.923500
CA_Los.Angeles.Intl.AP.722950	Single-Family Detached	1940-59s	0.372740	0.334350	0.152981	0.139930	385179.562600
CA_Los.Angeles.Intl.AP.722950	Single-Family Detached	1960-79s	0.271356	0.423286	0.172378	0.132980	242258.822900
CA_Los.Angeles.Intl.AP.722950	Single-Family Detached	1980-99s	0.168468	0.417395	0.295348	0.118789	177823.687100
CA_Los.Angeles.Intl.AP.722950	Single-Family Detached	2000-09s	0.119890	0.371883	0.199908	0.308319	72904.121130
CA_Los.Angeles.Intl.AP.722950	Single-Family Detached	<1940	0.350872	0.295450	0.174172	0.179505	201705.957400
CA_Los.Angeles.Intl.AP.722950	Single-Family Detached	2010s	0.128082	0.128082	0.615755	0.128082	4823.788490
CA_Sacramento.Exec.AP.724830	Single-Family Detached	1940-59s	0.422747	0.403717	0.101927	0.071609	195166.396600
CA_Sacramento.Exec.AP.724830	Single-Family Detached	1960-79s	0.324810	0.456212	0.139863	0.079115	290478.964000
CA_Sacramento.Exec.AP.724830	Single-Family Detached	1980-99s	0.176671	0.501350	0.226390	0.095590	371031.530300
CA_Sacramento.Exec.AP.724830	Single-Family Detached	2000-09s	0.134704	0.500879	0.230546	0.133871	237376.585700
CA_Sacramento.Exec.AP.724830	Single-Family Detached	<1940	0.464263	0.297903	0.134269	0.103564	67533.436530
CA_Sacramento.Exec.AP.724830	Single-Family Detached	2010s	0.204344	0.324767	0.252769	0.218120	12710.501910
CA_San.Diego-Lindbergh.Field.722900	Single-Family Detached	1940-59s	0.538799	0.339624	0.078495	0.043082	131136.885900
CA_San.Diego-Lindbergh.Field.722900	Single-Family Detached	1960-79s	0.324130	0.478978	0.146819	0.050074	212849.029700
CA_San.Diego-Lindbergh.Field.722900	Single-Family Detached	1980-99s	0.217964	0.499692	0.184815	0.097529	218661.705700
CA_San.Diego-Lindbergh.Field.722900	Single-Family Detached	2000-09s	0.134261	0.384679	0.300757	0.180304	122925.005400
CA_San.Diego-Lindbergh.Field.722900	Single-Family Detached	<1940	0.502830	0.323644	0.095387	0.078139	36279.190940
CA_San.Diego-Lindbergh.Field.722900	Single-Family Detached	2010s	0.138228	0.383886	0.324213	0.153673	7777.033897
CA_San.Francisco.Intl.AP.724940	Single-Family Detached	1940-59s	0.509798	0.331440	0.100352	0.058409	421765.422000
CA_San.Francisco.Intl.AP.724940	Single-Family Detached	1960-79s	0.344889	0.427976	0.163706	0.063429	455493.956700
CA_San.Francisco.Intl.AP.724940	Single-Family Detached	1980-99s	0.210563	0.505230	0.160993	0.123214	257759.609500
CA_San.Francisco.Intl.AP.724940	Single-Family Detached	2000-09s	0.144657	0.520423	0.186921	0.147999	95324.407320
CA_San.Francisco.Intl.AP.724940	Single-Family Detached	<1940	0.373563	0.383799	0.141583	0.101055	199357.523300
CA_San.Francisco.Intl.AP.724940	Single-Family Detached	2010s	0.205330	0.331638	0.250854	0.212178	9097.837759
CA_Santa.Maria.Public.AP.723940	Single-Family Detached	1940-59s	0.543770	0.329763	0.077305	0.049162	26463.871660
CA_Santa.Maria.Public.AP.723940	Single-Family Detached	1960-79s	0.327325	0.475291	0.146641	0.050744	50198.178460
CA_Santa.Maria.Public.AP.723940	Single-Family Detached	1980-99s	0.208205	0.515954	0.176985	0.098855	43227.802490
CA_Santa.Maria.Public.AP.723940	Single-Family Detached	2000-09s	0.156123	0.423530	0.253839	0.166508	21076.229230
CA_Santa.Maria.Public.AP.723940	Single-Family Detached	<1940	0.508411	0.317343	0.094977	0.079269	10682.089550
CA_Santa.Maria.Public.AP.723940	Single-Family Detached	2010s	0.159934	0.466064	0.219925	0.154076	889.017154
CO_Alamosa.Muni.AP.724620	Single-Family Detached	1940-59s	0.492860	0.355833	0.094176	0.057132	7817.277440
CO_Alamosa.Muni.AP.724620	Single-Family Detached	1960-79s	0.354016	0.439477	0.154843	0.051664	12855.865080
CO_Alamosa.Muni.AP.724620	Single-Family Detached	1980-99s	0.242358	0.444637	0.204416	0.108589	18009.959540
CO_Alamosa.Muni.AP.724620	Single-Family Detached	2000-09s	0.158011	0.434765	0.250739	0.156485	10195.129410
CO_Alamosa.Muni.AP.724620	Single-Family Detached	<1940	0.470011	0.358164	0.089937	0.081888	10355.106770
CO_Alamosa.Muni.AP.724620	Single-Family Detached	2010s	0.101672	0.470042	0.206437	0.221849	788.541966
CO_Boulder-Broomfield-Jefferson.County.AP.724699	Single-Family Detached	1940-59s	0.477339	0.376153	0.066823	0.079685	121799.154000
CO_Boulder-Broomfield-Jefferson.County.AP.724699	Single-Family Detached	1960-79s	0.214794	0.449583	0.251230	0.084393	217976.883200
CO_Boulder-Broomfield-Jefferson.County.AP.724699	Single-Family Detached	1980-99s	0.181902	0.392800	0.240155	0.185143	204131.726000
CO_Boulder-Broomfield-Jefferson.County.AP.724699	Single-Family Detached	2000-09s	0.121028	0.537817	0.202551	0.138604	127796.140800
CO_Boulder-Broomfield-Jefferson.County.AP.724699	Single-Family Detached	<1940	0.434493	0.362638	0.132912	0.069957	68074.976760
CO_Boulder-Broomfield-Jefferson.County.AP.724699	Single-Family Detached	2010s	0.219114	0.321174	0.244201	0.215512	12921.645230
CO_Colorado.Springs-Peterson.Field.724660	Single-Family Detached	1940-59s	0.250839	0.445817	0.152167	0.151177	19801.705490
CO_Colorado.Springs-Peterson.Field.724660	Single-Family Detached	1960-79s	0.162398	0.423062	0.265575	0.148965	66778.625900
CO_Colorado.Springs-Peterson.Field.724660	Single-Family Detached	1980-99s	0.190698	0.299914	0.324862	0.184526	112629.098500
CO_Colorado.Springs-Peterson.Field.724660	Single-Family Detached	2000-09s	0.100758	0.504847	0.245037	0.149358	72900.647280
CO_Colorado.Springs-Peterson.Field.724660	Single-Family Detached	<1940	0.312016	0.302377	0.197633	0.187975	13782.123740
CO_Colorado.Springs-Peterson.Field.724660	Single-Family Detached	2010s	0.247122	0.255134	0.248369	0.249375	6801.658278
CO_Eagle.County.Rgnl.AP.724675	Single-Family Detached	1940-59s	0.544485	0.329478	0.074541	0.051497	4865.332891
CO_Eagle.County.Rgnl.AP.724675	Single-Family Detached	1960-79s	0.335692	0.468202	0.148064	0.048042	12108.191750
CO_Eagle.County.Rgnl.AP.724675	Single-Family Detached	1980-99s	0.212334	0.497481	0.191947	0.098238	16279.241060
CO_Eagle.County.Rgnl.AP.724675	Single-Family Detached	2000-09s	0.145410	0.414949	0.269293	0.170348	11452.096410
CO_Eagle.County.Rgnl.AP.724675	Single-Family Detached	<1940	0.505783	0.333640	0.088307	0.072270	6151.701182
CO_Eagle.County.Rgnl.AP.724675	Single-Family Detached	2010s	0.124499	0.487845	0.226120	0.161535	669.609799
CO_Grand.Junction-Walker.Field.724760	Single-Family Detached	1940-59s	0.529695	0.348385	0.081073	0.040847	9593.259583
CO_Grand.Junction-Walker.Field.724760	Single-Family Detached	1960-79s	0.332869	0.471712	0.152212	0.043208	18590.558220
CO_Grand.Junction-Walker.Field.724760	Single-Family Detached	1980-99s	0.216438	0.507183	0.187613	0.088766	23991.980770
CO_Grand.Junction-Walker.Field.724760	Single-Family Detached	2000-09s	0.155220	0.431829	0.255623	0.157327	20462.458970
CO_Grand.Junction-Walker.Field.724760	Single-Family Detached	<1940	0.497849	0.345288	0.084740	0.072123	9227.050867
CO_Grand.Junction-Walker.Field.724760	Single-Family Detached	2010s	0.136613	0.491606	0.211844	0.159937	1173.320841
CO_Pueblo.Mem.AP.724640	Single-Family Detached	1940-59s	0.549358	0.346186	0.068718	0.035738	13788.557720
CO_Pueblo.Mem.AP.724640	Single-Family Detached	1960-79s	0.322717	0.481009	0.152545	0.043728	14916.582580
CO_Pueblo.Mem.AP.724640	Single-Family Detached	1980-99s	0.182032	0.517542	0.198704	0.101722	11093.634260
CO_Pueblo.Mem.AP.724640	Single-Family Detached	2000-09s	0.127607	0.423749	0.269332	0.179312	9781.302913
CO_Pueblo.Mem.AP.724640	Single-Family Detached	<1940	0.538617	0.325877	0.072678	0.062827	13174.493290
CO_Pueblo.Mem.AP.724640	Single-Family Detached	2010s	0.111838	0.533827	0.187376	0.166960	373.840393
CT_Bridgeport-Sikorsky.Mem.AP.725040	Single-Family Detached	1940-59s	0.331840	0.427608	0.148130	0.092422	210872.269200
CT_Bridgeport-Sikorsky.Mem.AP.725040	Single-Family Detached	1960-79s	0.247310	0.427147	0.210478	0.115065	282066.184100
CT_Bridgeport-Sikorsky.Mem.AP.725040	Single-Family Detached	1980-99s	0.127215	0.368712	0.264803	0.239270	145721.651800
CT_Bridgeport-Sikorsky.Mem.AP.725040	Single-Family Detached	2000-09s	0.182166	0.344478	0.246981	0.226375	50963.594540
CT_Bridgeport-Sikorsky.Mem.AP.725040	Single-Family Detached	<1940	0.264273	0.319369	0.233068	0.183290	110341.397500
CT_Bridgeport-Sikorsky.Mem.AP.725040	Single-Family Detached	2010s	0.182087	0.199011	0.315401	0.303500	4019.591427
CT_Hartford-Bradley.Intl.AP.725080	Single-Family Detached	1940-59s	0.328512	0.341282	0.201481	0.128724	158150.016800
CT_Hartford-Bradley.Intl.AP.725080	Single-Family Detached	1960-79s	0.205138	0.486111	0.189795	0.118956	142459.888300
CT_Hartford-Bradley.Intl.AP.725080	Single-Family Detached	1980-99s	0.187119	0.535321	0.153755	0.123805	103695.803800
CT_Hartford-Bradley.Intl.AP.725080	Single-Family Detached	2000-09s	0.205286	0.300683	0.276004	0.218028	41439.227550
CT_Hartford-Bradley.Intl.AP.725080	Single-Family Detached	<1940	0.277868	0.293922	0.263941	0.164270	102420.974400
CT_Hartford-Bradley.Intl.AP.725080	Single-Family Detached	2010s	0.181971	0.202768	0.317752	0.297509	3339.748742
DE_Wilmington-New.Castle.County.AP.724089	Single-Family Detached	1940-59s	0.406713	0.384147	0.131268	0.077873	66907.906200
DE_Wilmington-New.Castle.County.AP.724089	Single-Family Detached	1960-79s	0.212950	0.477421	0.210640	0.098989	81853.711550
DE_Wilmington-New.Castle.County.AP.724089	Single-Family Detached	1980-99s	0.111654	0.375987	0.324963	0.187396	94643.208750
DE_Wilmington-New.Castle.County.AP.724089	Single-Family Detached	2000-09s	0.087316	0.299143	0.328367	0.285174	51608.495680
DE_Wilmington-New.Castle.County.AP.724089	Single-Family Detached	<1940	0.252300	0.409451	0.187435	0.150814	35974.101990
DE_Wilmington-New.Castle.County.AP.724089	Single-Family Detached	2010s	0.156395	0.296775	0.238952	0.307879	5791.524566
FL_Daytona.Beach.Intl.AP.722056	Single-Family Detached	1940-59s	0.347075	0.305320	0.184477	0.163128	28406.585870
FL_Daytona.Beach.Intl.AP.722056	Single-Family Detached	1960-79s	0.376706	0.431488	0.119428	0.072378	63415.049180
FL_Daytona.Beach.Intl.AP.722056	Single-Family Detached	1980-99s	0.301594	0.350019	0.279574	0.068814	124364.044000
FL_Daytona.Beach.Intl.AP.722056	Single-Family Detached	2000-09s	0.144670	0.360574	0.196969	0.297787	79335.303090
FL_Daytona.Beach.Intl.AP.722056	Single-Family Detached	<1940	0.284761	0.355281	0.142334	0.217623	8783.243213
FL_Daytona.Beach.Intl.AP.722056	Single-Family Detached	2010s	0.206803	0.288847	0.265898	0.238452	4437.952422
FL_Jacksonville.Intl.AP.722060	Single-Family Detached	1940-59s	0.479336	0.369363	0.082767	0.068535	71674.185080
FL_Jacksonville.Intl.AP.722060	Single-Family Detached	1960-79s	0.341747	0.411809	0.177830	0.068614	103074.868700
FL_Jacksonville.Intl.AP.722060	Single-Family Detached	1980-99s	0.260740	0.414594	0.261706	0.062960	149392.875600
FL_Jacksonville.Intl.AP.722060	Single-Family Detached	2000-09s	0.086182	0.505301	0.325017	0.083501	106156.573300
FL_Jacksonville.Intl.AP.722060	Single-Family Detached	<1940	0.319674	0.502570	0.096149	0.081607	21814.084230
FL_Jacksonville.Intl.AP.722060	Single-Family Detached	2010s	0.226880	0.276708	0.257348	0.239064	10254.765510
FL_Key.West.Intl.AP.722010	Single-Family Detached	1940-59s	0.414509	0.394509	0.128582	0.062399	1757.089458
FL_Key.West.Intl.AP.722010	Single-Family Detached	1960-79s	0.337349	0.434350	0.137643	0.090658	3099.527500
FL_Key.West.Intl.AP.722010	Single-Family Detached	1980-99s	0.265083	0.493511	0.156718	0.084689	3799.499313
FL_Key.West.Intl.AP.722010	Single-Family Detached	2000-09s	0.176777	0.508422	0.214207	0.100594	1251.426594
FL_Key.West.Intl.AP.722010	Single-Family Detached	<1940	0.360679	0.409276	0.137873	0.092172	1122.359511
FL_Key.West.Intl.AP.722010	Single-Family Detached	2010s	0.190850	0.358858	0.261753	0.188539	140.575468
FL_Miami.Intl.AP.722020	Single-Family Detached	1940-59s	0.463130	0.387073	0.042501	0.107296	174144.789500
FL_Miami.Intl.AP.722020	Single-Family Detached	1960-79s	0.376052	0.370712	0.171692	0.081544	223526.982700
FL_Miami.Intl.AP.722020	Single-Family Detached	1980-99s	0.210646	0.466057	0.240917	0.082380	238872.362500
FL_Miami.Intl.AP.722020	Single-Family Detached	2000-09s	0.235348	0.295444	0.243795	0.225413	103424.091700
FL_Miami.Intl.AP.722020	Single-Family Detached	<1940	0.265129	0.164378	0.111038	0.459456	20014.965550
FL_Miami.Intl.AP.722020	Single-Family Detached	2010s	0.222528	0.288241	0.257875	0.231356	6527.350440
FL_Orlando.Intl.AP.722050	Single-Family Detached	1940-59s	0.473486	0.325075	0.117899	0.083540	212889.558700
FL_Orlando.Intl.AP.722050	Single-Family Detached	1960-79s	0.423041	0.375926	0.132704	0.068329	451830.169100
FL_Orlando.Intl.AP.722050	Single-Family Detached	1980-99s	0.297832	0.381021	0.240978	0.080169	651065.251000
FL_Orlando.Intl.AP.722050	Single-Family Detached	2000-09s	0.202568	0.276763	0.168769	0.351900	424026.733400
FL_Orlando.Intl.AP.722050	Single-Family Detached	<1940	0.235888	0.373936	0.225722	0.164454	46098.213840
FL_Orlando.Intl.AP.722050	Single-Family Detached	2010s	0.174507	0.236388	0.223384	0.365721	36693.641910
FL_Tallahassee.Rgnl.AP.722140	Single-Family Detached	1940-59s	0.483626	0.391270	0.089852	0.035251	42236.180410
FL_Tallahassee.Rgnl.AP.722140	Single-Family Detached	1960-79s	0.355617	0.461635	0.119815	0.062933	80055.208270
FL_Tallahassee.Rgnl.AP.722140	Single-Family Detached	1980-99s	0.257285	0.492018	0.166590	0.084107	84634.581530
FL_Tallahassee.Rgnl.AP.722140	Single-Family Detached	2000-09s	0.169155	0.505773	0.213100	0.111972	49663.817380
FL_Tallahassee.Rgnl.AP.722140	Single-Family Detached	<1940	0.406080	0.435884	0.103838	0.054198	15735.239340
FL_Tallahassee.Rgnl.AP.722140	Single-Family Detached	2010s	0.173072	0.346575	0.290365	0.189988	4927.900174
FL_West.Palm.Beach.Intl.AP.722030	Single-Family Detached	1940-59s	0.489832	0.361557	0.055986	0.092625	47714.242240
FL_West.Palm.Beach.Intl.AP.722030	Single-Family Detached	1960-79s	0.375305	0.388075	0.155894	0.080727	135070.807800
FL_West.Palm.Beach.Intl.AP.722030	Single-Family Detached	1980-99s	0.212482	0.491515	0.209811	0.086191	226793.039400
FL_West.Palm.Beach.Intl.AP.722030	Single-Family Detached	2000-09s	0.224325	0.339776	0.235270	0.200629	144217.305300
FL_West.Palm.Beach.Intl.AP.722030	Single-Family Detached	<1940	0.344020	0.216802	0.103602	0.335576	8920.242131
FL_West.Palm.Beach.Intl.AP.722030	Single-Family Detached	2010s	0.230048	0.277332	0.262461	0.230159	6559.427591
GA_Athens-Ben.Epps.AP.723110	Single-Family Detached	1940-59s	0.473697	0.353767	0.104191	0.068345	23867.931000
GA_Athens-Ben.Epps.AP.723110	Single-Family Detached	1960-79s	0.337569	0.426975	0.150405	0.085051	54128.330740
GA_Athens-Ben.Epps.AP.723110	Single-Family Detached	1980-99s	0.240579	0.440647	0.185864	0.132910	87998.535590
GA_Athens-Ben.Epps.AP.723110	Single-Family Detached	2000-09s	0.150805	0.448619	0.242814	0.157762	65325.453080
GA_Athens-Ben.Epps.AP.723110	Single-Family Detached	<1940	0.359208	0.402332	0.133063	0.105397	13715.044480
GA_Athens-Ben.Epps.AP.723110	Single-Family Detached	2010s	0.147465	0.345200	0.249400	0.257934	2957.121609
GA_Atlanta-Hartsfield-Jackson.Intl.AP.722190	Single-Family Detached	1940-59s	0.309179	0.410178	0.183741	0.096902	106704.374600
GA_Atlanta-Hartsfield-Jackson.Intl.AP.722190	Single-Family Detached	1960-79s	0.212392	0.428978	0.215529	0.143101	264904.782400
GA_Atlanta-Hartsfield-Jackson.Intl.AP.722190	Single-Family Detached	1980-99s	0.282352	0.278236	0.241638	0.197774	532679.302400
GA_Atlanta-Hartsfield-Jackson.Intl.AP.722190	Single-Family Detached	2000-09s	0.126903	0.302265	0.304130	0.266702	346360.306600
GA_Atlanta-Hartsfield-Jackson.Intl.AP.722190	Single-Family Detached	<1940	0.320997	0.395239	0.143355	0.140408	45641.084610
GA_Atlanta-Hartsfield-Jackson.Intl.AP.722190	Single-Family Detached	2010s	0.098238	0.266346	0.102400	0.533016	18082.460780
GA_Augusta-Bush-Field.722180	Single-Family Detached	1940-59s	0.386408	0.250109	0.186808	0.176675	25576.531520
GA_Augusta-Bush-Field.722180	Single-Family Detached	1960-79s	0.356281	0.377054	0.140454	0.126211	51411.556180
GA_Augusta-Bush-Field.722180	Single-Family Detached	1980-99s	0.162699	0.598858	0.125680	0.112763	51325.390240
GA_Augusta-Bush-Field.722180	Single-Family Detached	2000-09s	0.239012	0.279321	0.246960	0.234706	28322.772080
GA_Augusta-Bush-Field.722180	Single-Family Detached	<1940	0.290980	0.395848	0.164151	0.149020	10910.586980
GA_Augusta-Bush-Field.722180	Single-Family Detached	2010s	0.243213	0.258747	0.252845	0.245194	5621.916980
GA_Columbus.Metro.AP.722255	Single-Family Detached	1940-59s	0.507445	0.372290	0.085029	0.035235	31815.029270
GA_Columbus.Metro.AP.722255	Single-Family Detached	1960-79s	0.350744	0.457448	0.129403	0.062405	54116.513480
GA_Columbus.Metro.AP.722255	Single-Family Detached	1980-99s	0.239303	0.478215	0.186914	0.095569	49120.953740
GA_Columbus.Metro.AP.722255	Single-Family Detached	2000-09s	0.163280	0.495384	0.221636	0.119700	29248.787110
GA_Columbus.Metro.AP.722255	Single-Family Detached	<1940	0.381831	0.433899	0.116321	0.067949	15666.576320
GA_Columbus.Metro.AP.722255	Single-Family Detached	2010s	0.168143	0.354147	0.291457	0.186253	6153.746423
GA_Macon-Middle.Georgia.Rgnl.AP.722170	Single-Family Detached	1940-59s	0.512155	0.370815	0.082527	0.034503	35476.273500
GA_Macon-Middle.Georgia.Rgnl.AP.722170	Single-Family Detached	1960-79s	0.349631	0.456682	0.129759	0.063928	69960.300990
GA_Macon-Middle.Georgia.Rgnl.AP.722170	Single-Family Detached	1980-99s	0.239862	0.483257	0.182429	0.094452	66170.534500
GA_Macon-Middle.Georgia.Rgnl.AP.722170	Single-Family Detached	2000-09s	0.158454	0.491127	0.228984	0.121434	41204.415370
GA_Macon-Middle.Georgia.Rgnl.AP.722170	Single-Family Detached	<1940	0.381592	0.442825	0.109304	0.066279	16872.243660
GA_Macon-Middle.Georgia.Rgnl.AP.722170	Single-Family Detached	2010s	0.168334	0.371403	0.293537	0.166726	3295.480196
GA_Savannah.Intl.AP.722070	Single-Family Detached	1940-59s	0.511500	0.369590	0.085265	0.033645	25656.134930
GA_Savannah.Intl.AP.722070	Single-Family Detached	1960-79s	0.358192	0.462325	0.119609	0.059874	45193.251720
GA_Savannah.Intl.AP.722070	Single-Family Detached	1980-99s	0.248088	0.486073	0.177235	0.088604	61379.118650
GA_Savannah.Intl.AP.722070	Single-Family Detached	2000-09s	0.163423	0.495429	0.223739	0.117409	51730.568220
GA_Savannah.Intl.AP.722070	Single-Family Detached	<1940	0.402703	0.440598	0.100027	0.056671	10430.090590
GA_Savannah.Intl.AP.722070	Single-Family Detached	2010s	0.170745	0.340734	0.298593	0.189927	5380.830876
IA_Des.Moines.Intl.AP.725460	Single-Family Detached	1940-59s	0.361033	0.413559	0.121721	0.103688	50273.647620
IA_Des.Moines.Intl.AP.725460	Single-Family Detached	1960-79s	0.263377	0.495780	0.164085	0.076758	64991.781070
IA_Des.Moines.Intl.AP.725460	Single-Family Detached	1980-99s	0.231329	0.299727	0.264626	0.204318	47247.316920
IA_Des.Moines.Intl.AP.725460	Single-Family Detached	2000-09s	0.228140	0.270769	0.250898	0.250192	39152.759730
IA_Des.Moines.Intl.AP.725460	Single-Family Detached	<1940	0.334004	0.386737	0.134935	0.144324	73814.680240
IA_Des.Moines.Intl.AP.725460	Single-Family Detached	2010s	0.226197	0.267079	0.244667	0.262056	5826.480022
IA_Mason.City.Muni.AP.725485	Single-Family Detached	1940-59s	0.478242	0.376421	0.091919	0.053418	28510.828670
IA_Mason.City.Muni.AP.725485	Single-Family Detached	1960-79s	0.319178	0.447221	0.164964	0.068636	26930.754740
IA_Mason.City.Muni.AP.725485	Single-Family Detached	1980-99s	0.181314	0.425702	0.285713	0.107272	10311.899430
IA_Mason.City.Muni.AP.725485	Single-Family Detached	2000-09s	0.161940	0.349837	0.241067	0.247157	5485.261461
IA_Mason.City.Muni.AP.725485	Single-Family Detached	<1940	0.396505	0.438767	0.104320	0.060408	40696.222760
IA_Mason.City.Muni.AP.725485	Single-Family Detached	2010s	0.156234	0.319003	0.222336	0.302427	723.958648
IA_Sioux.City-Sioux.Gateway.AP.725570	Single-Family Detached	1940-59s	0.473006	0.377975	0.087001	0.062018	15630.293220
IA_Sioux.City-Sioux.Gateway.AP.725570	Single-Family Detached	1960-79s	0.327246	0.431133	0.169834	0.071787	19879.703880
IA_Sioux.City-Sioux.Gateway.AP.725570	Single-Family Detached	1980-99s	0.179365	0.440374	0.261249	0.119013	10311.230080
IA_Sioux.City-Sioux.Gateway.AP.725570	Single-Family Detached	2000-09s	0.142963	0.369240	0.216814	0.270983	6055.493856
IA_Sioux.City-Sioux.Gateway.AP.725570	Single-Family Detached	<1940	0.412837	0.425960	0.105561	0.055642	28846.008110
IA_Sioux.City-Sioux.Gateway.AP.725570	Single-Family Detached	2010s	0.069809	0.217496	0.302670	0.410025	722.267553
IA_Waterloo.Muni.AP.725480	Single-Family Detached	1940-59s	0.484138	0.380277	0.086951	0.048634	41205.842590
IA_Waterloo.Muni.AP.725480	Single-Family Detached	1960-79s	0.322029	0.452134	0.157952	0.067885	52793.143440
IA_Waterloo.Muni.AP.725480	Single-Family Detached	1980-99s	0.164995	0.434234	0.290038	0.110733	26858.954890
IA_Waterloo.Muni.AP.725480	Single-Family Detached	2000-09s	0.156673	0.343812	0.240551	0.258965	22609.990510
IA_Waterloo.Muni.AP.725480	Single-Family Detached	<1940	0.404138	0.433252	0.103699	0.058911	57954.093900
IA_Waterloo.Muni.AP.725480	Single-Family Detached	2010s	0.089960	0.324323	0.198355	0.387361	3640.230996
ID_Boise.Air.Terminal.726810	Single-Family Detached	1940-59s	0.554972	0.330330	0.071191	0.043508	24265.186040
ID_Boise.Air.Terminal.726810	Single-Family Detached	1960-79s	0.346624	0.467287	0.144781	0.041307	45719.733890
ID_Boise.Air.Terminal.726810	Single-Family Detached	1980-99s	0.225309	0.523325	0.172399	0.078967	64218.840460
ID_Boise.Air.Terminal.726810	Single-Family Detached	2000-09s	0.161292	0.429302	0.254409	0.154997	61682.634520
ID_Boise.Air.Terminal.726810	Single-Family Detached	<1940	0.470823	0.359465	0.095999	0.073713	14512.890940
ID_Boise.Air.Terminal.726810	Single-Family Detached	2010s	0.164814	0.468268	0.226365	0.140553	5815.140283
ID_Pocatello.Muni.AP.725780	Single-Family Detached	1940-59s	0.534413	0.340041	0.082310	0.043235	24984.397120
ID_Pocatello.Muni.AP.725780	Single-Family Detached	1960-79s	0.343566	0.469723	0.148267	0.038444	38102.872870
ID_Pocatello.Muni.AP.725780	Single-Family Detached	1980-99s	0.213625	0.497155	0.197393	0.091827	30217.834690
ID_Pocatello.Muni.AP.725780	Single-Family Detached	2000-09s	0.156937	0.418766	0.255456	0.168840	26705.254040
ID_Pocatello.Muni.AP.725780	Single-Family Detached	<1940	0.467708	0.356761	0.097739	0.077792	19150.379940
ID_Pocatello.Muni.AP.725780	Single-Family Detached	2010s	0.164851	0.438649	0.246486	0.150014	2673.555587
IL_Chicago-OHare.Intl.AP.725300	Single-Family Detached	1940-59s	0.440941	0.371980	0.118426	0.068652	459584.939700
IL_Chicago-OHare.Intl.AP.725300	Single-Family Detached	1960-79s	0.289176	0.439157	0.176626	0.095041	469586.270500
IL_Chicago-OHare.Intl.AP.725300	Single-Family Detached	1980-99s	0.100986	0.363090	0.321511	0.214414	345275.341800
IL_Chicago-OHare.Intl.AP.725300	Single-Family Detached	2000-09s	0.046700	0.175362	0.348429	0.429508	196180.815700
IL_Chicago-OHare.Intl.AP.725300	Single-Family Detached	<1940	0.346723	0.375229	0.190748	0.087300	290034.983600
IL_Chicago-OHare.Intl.AP.725300	Single-Family Detached	2010s	0.063028	0.370470	0.246287	0.320215	9565.898386
IL_Moline-Quad.City.Intl.AP.725440	Single-Family Detached	1940-59s	0.428327	0.282814	0.170914	0.117945	59636.850440
IL_Moline-Quad.City.Intl.AP.725440	Single-Family Detached	1960-79s	0.286788	0.324471	0.305628	0.083114	76722.009610
IL_Moline-Quad.City.Intl.AP.725440	Single-Family Detached	1980-99s	0.158172	0.505255	0.219711	0.116862	35338.129690
IL_Moline-Quad.City.Intl.AP.725440	Single-Family Detached	2000-09s	0.137443	0.471759	0.197375	0.193423	20873.705380
IL_Moline-Quad.City.Intl.AP.725440	Single-Family Detached	<1940	0.410969	0.391939	0.117497	0.079595	84624.930460
IL_Moline-Quad.City.Intl.AP.725440	Single-Family Detached	2010s	0.165034	0.280968	0.222512	0.331486	3115.276639
IL_Peoria-Greater.Peoria.AP.725320	Single-Family Detached	1940-59s	0.411090	0.339806	0.138516	0.110589	68036.953530
IL_Peoria-Greater.Peoria.AP.725320	Single-Family Detached	1960-79s	0.350042	0.346797	0.165083	0.138077	79994.622150
IL_Peoria-Greater.Peoria.AP.725320	Single-Family Detached	1980-99s	0.174523	0.423593	0.235128	0.166756	42164.567230
IL_Peoria-Greater.Peoria.AP.725320	Single-Family Detached	2000-09s	0.177196	0.377402	0.228523	0.216879	27161.247620
IL_Peoria-Greater.Peoria.AP.725320	Single-Family Detached	<1940	0.407066	0.369170	0.147916	0.075848	77596.794570
IL_Peoria-Greater.Peoria.AP.725320	Single-Family Detached	2010s	0.158007	0.324840	0.271705	0.245448	2954.691706
IL_Rockford-Greater.Rockford.AP.725430	Single-Family Detached	1940-59s	0.427156	0.353465	0.124012	0.095366	52096.964880
IL_Rockford-Greater.Rockford.AP.725430	Single-Family Detached	1960-79s	0.279679	0.412575	0.176515	0.131231	64065.657680
IL_Rockford-Greater.Rockford.AP.725430	Single-Family Detached	1980-99s	0.133037	0.526594	0.199271	0.141098	47944.555750
IL_Rockford-Greater.Rockford.AP.725430	Single-Family Detached	2000-09s	0.101019	0.460516	0.216162	0.222302	30366.433850
IL_Rockford-Greater.Rockford.AP.725430	Single-Family Detached	<1940	0.340154	0.385320	0.174309	0.100217	54154.998720
IL_Rockford-Greater.Rockford.AP.725430	Single-Family Detached	2010s	0.146812	0.322631	0.228650	0.301907	912.162276
IL_Springfield-Capital.AP.724390	Single-Family Detached	1940-59s	0.547245	0.319887	0.093066	0.039802	56588.228290
IL_Springfield-Capital.AP.724390	Single-Family Detached	1960-79s	0.348255	0.449140	0.140647	0.061958	65503.534210
IL_Springfield-Capital.AP.724390	Single-Family Detached	1980-99s	0.155526	0.469206	0.236546	0.138722	38365.807350
IL_Springfield-Capital.AP.724390	Single-Family Detached	2000-09s	0.145985	0.463472	0.210265	0.180278	20342.705120
IL_Springfield-Capital.AP.724390	Single-Family Detached	<1940	0.392176	0.409611	0.143487	0.054726	58502.525480
IL_Springfield-Capital.AP.724390	Single-Family Detached	2010s	0.100592	0.382557	0.272473	0.244378	2144.634648
IN_Evansville.Rgnl.AP.724320	Single-Family Detached	1940-59s	0.470376	0.347220	0.110979	0.071425	94107.438310
IN_Evansville.Rgnl.AP.724320	Single-Family Detached	1960-79s	0.327968	0.451560	0.141786	0.078686	110230.625000
IN_Evansville.Rgnl.AP.724320	Single-Family Detached	1980-99s	0.226464	0.403333	0.218962	0.151241	81308.692410
IN_Evansville.Rgnl.AP.724320	Single-Family Detached	2000-09s	0.151504	0.476097	0.205815	0.166584	41456.816530
IN_Evansville.Rgnl.AP.724320	Single-Family Detached	<1940	0.343320	0.355112	0.155605	0.145963	73670.751110
IN_Evansville.Rgnl.AP.724320	Single-Family Detached	2010s	0.150003	0.351392	0.244512	0.254093	5359.571493
IN_Fort.Wayne.Intl.AP.725330	Single-Family Detached	1940-59s	0.464068	0.289202	0.143805	0.102925	65244.731710
IN_Fort.Wayne.Intl.AP.725330	Single-Family Detached	1960-79s	0.337803	0.381607	0.164708	0.115882	81966.827100
IN_Fort.Wayne.Intl.AP.725330	Single-Family Detached	1980-99s	0.160399	0.521182	0.185671	0.132748	66382.946050
IN_Fort.Wayne.Intl.AP.725330	Single-Family Detached	2000-09s	0.144216	0.318832	0.388275	0.148677	33864.035430
IN_Fort.Wayne.Intl.AP.725330	Single-Family Detached	<1940	0.365714	0.401070	0.156090	0.077127	82948.453360
IN_Fort.Wayne.Intl.AP.725330	Single-Family Detached	2010s	0.186014	0.338799	0.237375	0.237812	3874.183608
IN_Indianapolis.Intl.AP.724380	Single-Family Detached	1940-59s	0.490999	0.262608	0.189579	0.056815	154148.987900
IN_Indianapolis.Intl.AP.724380	Single-Family Detached	1960-79s	0.262755	0.468707	0.201577	0.066961	191035.084300
IN_Indianapolis.Intl.AP.724380	Single-Family Detached	1980-99s	0.205141	0.344491	0.185519	0.264850	188568.246900
IN_Indianapolis.Intl.AP.724380	Single-Family Detached	2000-09s	0.216274	0.308408	0.231072	0.244246	126386.497500
IN_Indianapolis.Intl.AP.724380	Single-Family Detached	<1940	0.384539	0.378017	0.137524	0.099920	137096.081100
IN_Indianapolis.Intl.AP.724380	Single-Family Detached	2010s	0.213518	0.287426	0.249088	0.249968	13365.482390
IN_South.Bend-Michiana.Rgnl.AP.725350	Single-Family Detached	1940-59s	0.543962	0.316898	0.096988	0.042151	81168.212100
IN_South.Bend-Michiana.Rgnl.AP.725350	Single-Family Detached	1960-79s	0.328783	0.456876	0.145604	0.068737	89845.169510
IN_South.Bend-Michiana.Rgnl.AP.725350	Single-Family Detached	1980-99s	0.147450	0.449759	0.253788	0.149002	71683.567890
IN_South.Bend-Michiana.Rgnl.AP.725350	Single-Family Detached	2000-09s	0.122703	0.407334	0.249984	0.219979	39466.876990
IN_South.Bend-Michiana.Rgnl.AP.725350	Single-Family Detached	<1940	0.385575	0.409158	0.150731	0.054536	76610.946510
IN_South.Bend-Michiana.Rgnl.AP.725350	Single-Family Detached	2010s	0.137824	0.339524	0.268881	0.253771	3123.635784
KS_Dodge.City.Rgnl.AP.724510	Single-Family Detached	1940-59s	0.526011	0.356019	0.071951	0.046019	21836.875050
KS_Dodge.City.Rgnl.AP.724510	Single-Family Detached	1960-79s	0.336753	0.451876	0.152166	0.059205	27243.873600
KS_Dodge.City.Rgnl.AP.724510	Single-Family Detached	1980-99s	0.188728	0.463646	0.243349	0.104278	13529.667670
KS_Dodge.City.Rgnl.AP.724510	Single-Family Detached	2000-09s	0.168127	0.382257	0.225544	0.224072	4220.408309
KS_Dodge.City.Rgnl.AP.724510	Single-Family Detached	<1940	0.447698	0.396857	0.101926	0.053520	18135.444740
KS_Dodge.City.Rgnl.AP.724510	Single-Family Detached	2010s	0.097668	0.313465	0.264936	0.323930	702.255249
KS_Goodland-Renner.Field.724650	Single-Family Detached	1940-59s	0.516196	0.356028	0.078844	0.048932	6844.788620
KS_Goodland-Renner.Field.724650	Single-Family Detached	1960-79s	0.321794	0.465100	0.157168	0.055938	7750.169983
KS_Goodland-Renner.Field.724650	Single-Family Detached	1980-99s	0.197150	0.470002	0.224078	0.108770	2988.709978
KS_Goodland-Renner.Field.724650	Single-Family Detached	2000-09s	0.149161	0.396462	0.257603	0.196774	1159.945148
KS_Goodland-Renner.Field.724650	Single-Family Detached	<1940	0.443412	0.377742	0.101801	0.077045	7476.788259
KS_Goodland-Renner.Field.724650	Single-Family Detached	2010s	0.095240	0.402845	0.255392	0.246523	161.781932
KS_Topeka-Phillip.Billard.Muni.AP.724560	Single-Family Detached	1940-59s	0.509210	0.356232	0.078271	0.056286	35245.496660
KS_Topeka-Phillip.Billard.Muni.AP.724560	Single-Family Detached	1960-79s	0.320929	0.445635	0.161276	0.072159	48654.495750
KS_Topeka-Phillip.Billard.Muni.AP.724560	Single-Family Detached	1980-99s	0.178887	0.437360	0.262546	0.121207	37587.842810
KS_Topeka-Phillip.Billard.Muni.AP.724560	Single-Family Detached	2000-09s	0.161737	0.348841	0.229530	0.259892	20678.210280
KS_Topeka-Phillip.Billard.Muni.AP.724560	Single-Family Detached	<1940	0.419930	0.409075	0.102716	0.068278	45315.348960
KS_Topeka-Phillip.Billard.Muni.AP.724560	Single-Family Detached	2010s	0.122918	0.281111	0.221565	0.374406	2486.700034
