Dependency=County Name	Option=Single-Family Detached	Option=Single-Family Attached	Option=2 Unit	Option=3 or 4 Unit	Option=5 to 9 Unit	Option=10 to 19 Unit	Option=20 to 49 Unit	Option=50 or more Unit	Option=Mobile Home
"Autauga County, AL"	0.7157481	0.007558742	0.007472357	0.013605736	0.021078093	0.019739115	0.020775743	0.002505183	0.191516932
"Baldwin County, AL"	0.6273052	0.011815711	0.016551085	0.025276533	0.021868155	0.034610945	0.02732156	0.122538015	0.112712796
"Barbour County, AL"	0.547659003	0.011411311	0.043883202	0.035492532	0.035156906	0.012166471	0.004279241	0	0.309951334
"Bibb County, AL"	0.652326602	0.003072871	0.010974539	0.013827919	0.026997366	0.008121159	0.004719052	0.003182616	0.276777875
"Blount County, AL"	0.698687968	0.009146972	0.014361988	0.011506146	0.011630313	0.002690286	0.003890567	0.000496668	0.24758909
"Bullock County, AL"	0.54340124	0.008414526	0.038972542	0.003321523	0.0425155	0	0	0.01173605	0.351638618
"Butler County, AL"	0.60921263	0.005195843	0.03197442	0.042865707	0.039168665	0.008693046	0.003097522	0.004796163	0.254996003
"Calhoun County, AL"	0.709514491	0.01477961	0.023278352	0.028366415	0.036641506	0.022271922	0.00650452	0.008275091	0.150368092
"Chambers County, AL"	0.717581965	0.004061452	0.030196009	0.020719289	0.030196009	0.025369357	0.012302078	0.004944376	0.154629466
"Cherokee County, AL"	0.661362808	0.003400947	0.014757682	0.006984088	0.006194583	0.007895056	0.010385036	0.003340216	0.285679582
"Chilton County, AL"	0.604518906	0.013525976	0.019264269	0.007941387	0.016087714	0.004559893	0.002408034	0.001485808	0.330208013
"Choctaw County, AL"	0.629553827	0.003547551	0.000818666	0.007913767	0.021421749	0.002183108	0.004093328	0.005730659	0.324737345
"Clarke County, AL"	0.640428212	0.003935768	0.008501259	0.02259131	0.029439547	0.004959068	0.015979219	0.003620907	0.27054471
"Clay County, AL"	0.690745917	0.001471237	0.04060615	0.020008827	0.015447992	0	0.002942475	0.000588495	0.228188907
"Cleburne County, AL"	0.677776139	0.001474709	0.011207786	0.012682495	0.02521752	0.001327238	0.003686772	0.00162218	0.265005161
"Coffee County, AL"	0.716555257	0.043970831	0.02274503	0.033119194	0.049049397	0.003949996	0.001215383	0.001345603	0.12804931
"Colbert County, AL"	0.782060532	0.005696275	0.032772567	0.039152394	0.026810466	0.009114039	0.004139293	0.008354536	0.091899897
"Conecuh County, AL"	0.63845614	0.006596491	0.017263158	0.040701754	0.015157895	0	0.005473684	0	0.276350877
"Coosa County, AL"	0.663398192	0.002604566	0.010571472	0.009192585	0.011184311	0.00015321	0	0.002451356	0.300444308
"Covington County, AL"	0.726151403	0.005240868	0.014663843	0.016993118	0.025092642	0.002593965	0.003388036	0.002805717	0.203070408
"Crenshaw County, AL"	0.647822878	0.003247232	0.042804428	0.011512915	0.015645756	0	0.00295203	0.000738007	0.275276753
"Cullman County, AL"	0.680737661	0.007675088	0.01646946	0.012658565	0.033845006	0.01167253	0.009966954	0.002345166	0.22462957
"Dale County, AL"	0.657304348	0.029913043	0.030608696	0.057304348	0.030130435	0.006304348	0.003565217	0.001565217	0.183304348
"Dallas County, AL"	0.605495101	0.013983948	0.067063863	0.068639519	0.03363041	0.005859471	0.006647299	0.002166527	0.196513861
"DeKalb County, AL"	0.686623757	0.003664288	0.016855723	0.023037216	0.01777976	0.007615345	0.00264466	0.002230436	0.239548815
"Elmore County, AL"	0.744156459	0.013699035	0.006982662	0.019291082	0.032664655	0.01763418	0.00772235	0.001361027	0.15648855
"Escambia County, AL"	0.679995168	0.003261657	0.025428848	0.048622856	0.043971974	0.006100507	0.005496497	0.001932834	0.185189659
"Etowah County, AL"	0.767165558	0.00539474	0.02422385	0.025504314	0.032221499	0.015554483	0.008354499	0.009655954	0.111925103
"Fayette County, AL"	0.706376434	0.010647108	0.019283095	0.025079853	0.017035372	0.012066722	0.003194132	0.003312433	0.20300485
"Franklin County, AL"	0.708180017	0.003467308	0.02030852	0.021511463	0.039838664	0.005519389	0.015850552	0.010331163	0.174992924
"Geneva County, AL"	0.654985889	0.006585136	0.023518344	0.006271558	0.015757291	0.001019128	0.000470367	0	0.291392286
"Greene County, AL"	0.517405063	0.005142405	0.001582278	0.000988924	0.015822785	0.009493671	0.006526899	0.042128165	0.40090981
"Hale County, AL"	0.577711853	0.001934735	0.010189604	0.017412614	0.005030311	0.002579647	0.01715465	0.011995357	0.355991229
"Henry County, AL"	0.682827167	0.004527885	0.032136941	0.018001104	0	0.005742684	0.001325235	0.000220872	0.255218112
"Houston County, AL"	0.689154878	0.013100344	0.027139474	0.03588726	0.043184194	0.026136679	0.010497344	0.010902729	0.143997098
"Jackson County, AL"	0.708781326	0.010392102	0.030896519	0.007634198	0.027299253	0.010032375	0.000599544	0.001199089	0.203165594
"Jefferson County, AL"	0.695076933	0.024559799	0.01679135	0.032942406	0.063241972	0.067116396	0.037346052	0.031743491	0.031181601
"Lamar County, AL"	0.67767253	0.004194858	0.061705007	0.012990528	0.034506089	0	0.002435724	0.002300406	0.204194858
"Lauderdale County, AL"	0.722388127	0.007297303	0.023463637	0.039203359	0.056065743	0.027325594	0.011720592	0.012528909	0.100006736
"Lawrence County, AL"	0.714406724	0.00188962	0.009382941	0.017397537	0.021372255	0.005864338	0.002345735	0.000521275	0.226819574
"Lee County, AL"	0.556203139	0.024222279	0.055152265	0.02417756	0.04753529	0.068701835	0.033896284	0.022597523	0.167513825
"Limestone County, AL"	0.772414178	0.013887727	0.016118687	0.012102959	0.022337488	0.015170529	0.011043253	0.007111185	0.129813994
"Lowndes County, AL"	0.52481582	0.014734393	0.038193098	0.027723924	0.006010081	0.001744862	0.001744862	0	0.385032959
"Macon County, AL"	0.647798129	0.005066251	0.026402962	0.055046765	0.047642245	0.016173032	0.003409977	0.001656274	0.196804365
"Madison County, AL"	0.71755414	0.015299363	0.016082803	0.039974522	0.062656051	0.05556051	0.025566879	0.021292994	0.046012739
"Marengo County, AL"	0.660327932	0.006209372	0.010575337	0.017754924	0.047928592	0.010187251	0.004171922	0.000873193	0.241971476
"Marion County, AL"	0.681925596	0.002498143	0.034636419	0.035514145	0.023361015	0.004523665	0.007089326	0.002093039	0.208358652
"Marshall County, AL"	0.748854398	0.006775068	0.025030796	0.024291697	0.026681449	0.007563439	0.001970929	0.005198325	0.1536339
"Mobile County, AL"	0.725919838	0.00918331	0.020952851	0.029412893	0.049390428	0.038256486	0.021522698	0.023697981	0.081663516
"Monroe County, AL"	0.685538462	0.002989011	0.016615385	0.013274725	0.03367033	0.005362637	0.004307692	0.004571429	0.23367033
"Montgomery County, AL"	0.701530293	0.027633768	0.016553329	0.043956255	0.086152337	0.037213731	0.021872325	0.023045774	0.042042186
"Morgan County, AL"	0.70446908	0.028544942	0.013866893	0.028911893	0.058403183	0.023059987	0.013094364	0.013596508	0.11605315
"Perry County, AL"	0.673125527	0.00042123	0.00210615	0.039806234	0.002737995	0.008635215	0.01010952	0.034751474	0.228306655
"Pickens County, AL"	0.660830363	0.004193751	0.058397987	0.014992661	0.012266723	0.011113441	0.007548752	0.002306563	0.228349759
"Pike County, AL"	0.565209244	0.004059963	0.039100562	0.054028732	0.059275453	0.035227983	0.013491568	0.007245472	0.222361024
"Randolph County, AL"	0.699991696	0.001826787	0.016108943	0.012123225	0.017520551	0.0078884	0.001162501	0.009632151	0.233745744
"Russell County, AL"	0.656128082	0.007324255	0.033934487	0.047368421	0.064556496	0.024622746	0.007581892	0.005925653	0.152557968
"St. Clair County, AL"	0.67662359	0.009281568	0.009719636	0.017112036	0.024668711	0.009883912	0.004681853	0.001807031	0.246221662
"Shelby County, AL"	0.741566031	0.053572898	0.006185106	0.013463777	0.027056901	0.039509425	0.022647367	0.011935139	0.084063356
"Sumter County, AL"	0.525245134	0.000731743	0.027659886	0.044343627	0.025757354	0.010537099	0.02195229	0.040392214	0.303380653
"Talladega County, AL"	0.637462397	0.009929984	0.02947049	0.031706733	0.030508745	0.007613875	0.007906717	0.005244523	0.240156537
"Tallapoosa County, AL"	0.703028125	0.007727559	0.026102974	0.022239195	0.022778327	0.0113667	0.012624674	0.010108725	0.184023722
"Tuscaloosa County, AL"	0.602623603	0.012167436	0.024413156	0.040673682	0.065511804	0.07666156	0.044945705	0.033147318	0.099855735
"Walker County, AL"	0.636117207	0.006873629	0.014650833	0.021008132	0.025913257	0.003582032	0.00174261	0.001032658	0.289079644
"Washington County, AL"	0.683645796	0.004480604	0.002594034	0.003655229	0.001650749	0	0.000117911	0	0.303855677
"Wilcox County, AL"	0.569802067	0.002802592	0.00087581	0.032580137	0.02592398	0.005079699	0.00087581	0.000350324	0.361709581
"Winston County, AL"	0.672870384	0.004413712	0.015080182	0.019199647	0.01655142	0.014491688	0.001912609	0	0.255480359
"Apache County, AZ"	0.695340173	0.016855991	0.01758886	0.02623061	0.009893734	0.002168071	0.003511665	0.000977159	0.227433736
"Cochise County, AZ"	0.635038663	0.021928017	0.009925313	0.027022571	0.017839184	0.020576064	0.018548134	0.028918603	0.220203452
"Coconino County, AZ"	0.621728212	0.053396189	0.018856588	0.033784721	0.055768668	0.046679299	0.014958944	0.01899524	0.135832139
"Gila County, AZ"	0.700333664	0.008446809	0.007514955	0.026152043	0.015240328	0.002615204	0.003727418	0.004569092	0.231400487
"Graham County, AZ"	0.62001798	0.013485166	0.013635001	0.027794426	0.02082709	0.009739287	0.013335331	0.005843572	0.275322146
"Greenlee County, AZ"	0.630596175	0.010348706	0.00832396	0.016422947	0.024746907	0	0.011473566	0.002024747	0.296062992
"La Paz County, AZ"	0.377481409	0.018314793	0.006330281	0.01788458	0.006514658	0.008174052	0.001782312	0.002642739	0.560875177
"Maricopa County, AZ"	0.646769175	0.05313045	0.010521126	0.038181296	0.052814498	0.064501173	0.030431365	0.051358297	0.052292619
"Mohave County, AZ"	0.603144321	0.014167108	0.017956191	0.025251722	0.019943473	0.012100336	0.011959018	0.016684331	0.278793499
"Navajo County, AZ"	0.68342066	0.019258128	0.017280266	0.022676012	0.019743919	0.007651202	0.003227038	0.002515701	0.224227072
"Pima County, AZ"	0.601784786	0.073869694	0.018242178	0.02929851	0.035415951	0.052946593	0.037068122	0.045351009	0.106023157
"Pinal County, AZ"	0.732756271	0.014616141	0.008170109	0.015629258	0.009278021	0.009953432	0.005237401	0.00648158	0.197877786
"Santa Cruz County, AZ"	0.735111356	0.03937311	0.026945285	0.058234809	0.029309871	0.019191641	0.015122354	0.019521584	0.057189992
"Yavapai County, AZ"	0.652267041	0.031716631	0.02723083	0.031189922	0.017521836	0.010499056	0.009129614	0.014475706	0.205969363
"Yuma County, AZ"	0.514543995	0.030110743	0.013988629	0.029703841	0.035257503	0.02597574	0.007324235	0.014307552	0.328787762
"Arkansas County, AR"	0.703617516	0.006875397	0.016818278	0.037338693	0.048233552	0.014068119	0.009625555	0.001269304	0.162153586
"Ashley County, AR"	0.69464145	0.005516154	0.022557132	0.001182033	0.018715524	0.003349094	0.008077226	0.004038613	0.241922774
"Baxter County, AR"	0.734026225	0.018681752	0.019120291	0.023110994	0.017848529	0.009779415	0.013989387	0.009472438	0.153970969
"Benton County, AR"	0.74270742	0.057045509	0.018351	0.03176058	0.032467921	0.047780346	0.00796007	0.008418347	0.053508807
"Boone County, AR"	0.756159378	0.013969115	0.020275846	0.028704468	0.020806319	0.028822351	0.003595426	0.003006012	0.124661087
"Bradley County, AR"	0.67531352	0.010135716	0.030578938	0.063734753	0.02113039	0.008589589	0.012025425	0	0.178491668
"Calhoun County, AR"	0.69048437	0.00755754	0.007901065	0.013740982	0.001374098	0	0	0	0.278941944
"Carroll County, AR"	0.725913986	0.017583706	0.029159645	0.032969448	0.012455125	0.007692871	0.003077149	0.008498791	0.162649278
"Chicot County, AR"	0.687097368	0.00515369	0.023559728	0.043438248	0.013252347	0.012332045	0.033314927	0.003497147	0.1783545
"Clark County, AR"	0.638269487	0.008385744	0.032018296	0.039832285	0.050981513	0.026014866	0.018391462	0.00447875	0.181627597
"Clay County, AR"	0.788674549	0.005476042	0.030989421	0.03074051	0.029495955	0.002240199	0.012321095	0.0011201	0.098942128
"Cleburne County, AR"	0.709270365	0.008370815	0.021114443	0.01318091	0.003998001	0.006496752	0.004310345	0	0.233258371
"Cleveland County, AR"	0.67115573	0.002938296	0.013467189	0.007345739	0.003183154	0.001714006	0.002938296	0.001958864	0.295298727
"Columbia County, AR"	0.712344086	0.006193548	0.009892473	0.018924731	0.020387097	0.02855914	0.01255914	0.016430108	0.174709677
"Conway County, AR"	0.736788306	0.004088725	0.040171726	0.010324031	0.016048247	0.000613309	0.010221813	0.007359706	0.174384136
"Craighead County, AR"	0.692777374	0.012211731	0.040221536	0.062534048	0.039722172	0.053431996	0.018953151	0.015344107	0.064803886
"Crawford County, AR"	0.770445086	0.009674154	0.030409839	0.018560876	0.028984964	0.01462372	0.00468709	0.006111965	0.116502306
"Crittenden County, AR"	0.693353614	0.009080015	0.029728982	0.054572271	0.074668142	0.032494469	0.011615044	0.005392699	0.089094764
"Cross County, AR"	0.717353089	0.007533903	0.040683074	0.02913109	0.01469111	0.007282772	0.006529382	0.001130085	0.175665495
"Dallas County, AR"	0.690697674	0.004883721	0.01255814	0.028139535	0.013953488	0.00627907	0.002790698	0.001627907	0.239069767
"Desha County, AR"	0.691295386	0.008720469	0.038687173	0.045822102	0.05327414	0.007769145	0.004122404	0	0.15030918
"Drew County, AR"	0.564897959	0.002332362	0.015276968	0.020991254	0.029387755	0.02425656	0.022157434	0.004897959	0.315801749
"Faulkner County, AR"	0.639919151	0.009782719	0.0502476	0.023547246	0.052147549	0.066275897	0.011824154	0.016270844	0.129984841
"Franklin County, AR"	0.772151899	0.002482005	0.006329114	0.021345247	0.012285927	0.007073716	0.002233805	0.002854306	0.173243981
"Fulton County, AR"	0.731492362	0.014835488	0.016745006	0.005728555	0.006169213	0.001028202	0.007050529	0.00073443	0.216216216
"Garland County, AR"	0.660974938	0.023586576	0.023252154	0.04148798	0.037101153	0.028681591	0.018530905	0.027186529	0.139198174
"Grant County, AR"	0.715615956	0.000755002	0.00931169	0.002516673	0.008682522	0.009437524	0.010570026	0.005536681	0.237573927
"Greene County, AR"	0.741612713	0.011397078	0.030873776	0.045427792	0.015945208	0.014607523	0.008186634	0.005725293	0.126223982
"Hempstead County, AR"	0.719798018	0.005907012	0.022675305	0.030201982	0.015053354	0.015625	0.002000762	0	0.188738567
"Hot Spring County, AR"	0.678759711	0.001942286	0.011029412	0.026220866	0.014220311	0.00423141	0.000346837	0.00423141	0.259017758
"Howard County, AR"	0.736741214	0.004472843	0.053354633	0.024121406	0.002555911	0.020766773	0	0.0014377	0.156549521
"Independence County, AR"	0.742390045	0.002074056	0.025620692	0.01592143	0.01146831	0.008479229	0.011529311	0.007137193	0.175379735
"Izard County, AR"	0.783285144	0.003579788	0.006746523	0.013217679	0.012391574	0.002202946	0.001376842	0.001376842	0.175822663
"Jackson County, AR"	0.747068897	0.008167567	0.066262679	0.017784218	0.015412989	0.009089712	0.00052694	0.002502964	0.133184034
"Jefferson County, AR"	0.708448421	0.011979104	0.029752612	0.01939474	0.037318362	0.034556263	0.017022937	0.016602618	0.124924943
"Johnson County, AR"	0.728355073	0.002538738	0.03825615	0.02617526	0.016282938	0.018208877	0.009629694	0	0.16055327
"Lafayette County, AR"	0.66536965	0.003891051	0.016479744	0.043259327	0.014648661	0.000457771	0.000457771	0	0.255436027
"Lawrence County, AR"	0.783712785	0.004628471	0.026144608	0.028521391	0.007755817	0.010007506	0.027270453	0.000625469	0.1113335
"Lee County, AR"	0.734035248	0.00686656	0.065690089	0.007324331	0.032959487	0.009384298	0.004119936	0.004119936	0.135500114
"Lincoln County, AR"	0.578144078	0.002035002	0.037647538	0.008954009	0.014245014	0.001831502	0.002849003	0	0.354293854
"Little River County, AR"	0.714351709	0.002155836	0.025408069	0.029103788	0.016784724	0.010471204	0.014936865	0	0.186787804
"Logan County, AR"	0.799764081	0.007863954	0.021527573	0.024574855	0.007175858	0.007863954	0.001474491	0.00176939	0.127985845
"Lonoke County, AR"	0.728714727	0.014022422	0.024678074	0.034570129	0.024018604	0.014300094	0.007115338	0.001284232	0.15129638
"Madison County, AR"	0.760927152	0.012317881	0.002384106	0.004635762	0.009139073	0.009933775	0.006490066	0	0.194172185
"Marion County, AR"	0.7439983	0.009878904	0.006267262	0.026237519	0.008285532	0.00446144	0.003080518	0.000318674	0.19747185
"Miller County, AR"	0.66594927	0.004919293	0.040635409	0.023315398	0.053753523	0.046374584	0.020548296	0.012042019	0.132462209
"Mississippi County, AR"	0.704118392	0.015772564	0.107438419	0.045467822	0.025460033	0.007350793	0.004965437	0.0012657	0.088160841
"Monroe County, AR"	0.714157303	0.008314607	0.085168539	0.023820225	0.036853933	0.004044944	0.001348315	0.000674157	0.125617978
"Montgomery County, AR"	0.64897819	0.000515198	0.003949854	0.03331616	0.008243174	0.00309119	0.004808518	0	0.297097716
"Nevada County, AR"	0.686120219	0.001092896	0.010928962	0.020765027	0.004371585	0	0.001530055	0	0.275191257
"Newton County, AR"	0.807002562	0.001280956	0.007472246	0.005123826	0.014730999	0	0.008112724	0	0.156276687
"Ouachita County, AR"	0.748988163	0.005880107	0.028713249	0.034975181	0.034364261	0.007865598	0.003970981	0.001145475	0.134096984
"Perry County, AR"	0.704563813	0.003634895	0.024838449	0.003634895	0.008885299	0.002423263	0.000201939	0	0.251817447
"Phillips County, AR"	0.68674462	0.003340867	0.120664243	0.028200845	0.023189545	0.027709541	0.015328682	0.002849563	0.091972094
"Pike County, AR"	0.739153627	0.000889047	0.017247511	0.018314367	0.01458037	0.004267425	0.001778094	0	0.203769559
"Poinsett County, AR"	0.738571038	0.007391185	0.07309061	0.045350853	0.011041153	0.003649968	0.006387444	0	0.114517748
"Polk County, AR"	0.733854218	0.008505588	0.013055089	0.010978143	0.006725349	0.012857284	0.006824251	0	0.207200079
"Pope County, AR"	0.703980385	0.007125618	0.027161629	0.060337892	0.034708654	0.024135157	0.007278857	0.008696318	0.126575489
"Prairie County, AR"	0.671157244	0.008392226	0.011925795	0.015680212	0.023189046	0.005742049	0.004196113	0	0.259717314
"Pulaski County, AR"	0.659966646	0.015365795	0.027928333	0.035762091	0.065314228	0.069165277	0.024477749	0.047968051	0.05405183
"Randolph County, AR"	0.790838981	0.003972891	0.032367376	0.023837345	0.012619771	0.000350549	0.004089741	0.000817948	0.131105398
"St. Francis County, AR"	0.628537629	0.02020202	0.055055055	0.046228046	0.054509055	0.015470015	0.003094003	0.001547002	0.175357175
"Saline County, AR"	0.73555779	0.005990532	0.012567551	0.012462821	0.022956726	0.026852666	0.005613506	0.007980395	0.170018013
"Scott County, AR"	0.703229505	0.003630805	0.030766291	0.033250526	0.008599274	0.008408179	0.003248615	0.005159564	0.203707242
"Searcy County, AR"	0.768542979	0.003657793	0.003454582	0.010770169	0.002641739	0.00548669	0.009957326	0.001016054	0.194472668
"Sebastian County, AR"	0.690208896	0.030517266	0.054479892	0.051602245	0.03971863	0.045065369	0.01874023	0.025135001	0.044532471
"Sevier County, AR"	0.698642011	0.006067611	0.023981508	0.015169026	0.007801214	0.006789945	0.000144467	0	0.241404218
"Sharp County, AR"	0.774373542	0.01227554	0.015927767	0.029623618	0.005579791	0.006695749	0.003043522	0.000608704	0.151871766
"Stone County, AR"	0.662523761	0.009358093	0.01418336	0.002631964	0.002924404	0.004971487	0.00687235	0.004386606	0.292147975
"Union County, AR"	0.686498741	0.005944584	0.011032746	0.016473552	0.041057935	0.007355164	0.004937028	0.000957179	0.225743073
"Van Buren County, AR"	0.618073562	0.008931144	0.007490637	0.026697397	0.043695381	0.03130702	0.011331989	0.012772496	0.239700375
"Washington County, AR"	0.619231317	0.027069383	0.046401526	0.045787807	0.050982498	0.110666652	0.023781604	0.022915822	0.053163392
"White County, AR"	0.672602535	0.009873229	0.023146905	0.02404176	0.025085757	0.032423565	0.013542133	0.008739746	0.19054437
"Woodruff County, AR"	0.745823696	0	0.040092521	0.030840401	0.030326394	0.005911077	0.013621177	0	0.133384734
"Yell County, AR"	0.74180745	0.008446977	0.025137391	0.032159577	0.03378791	0.012314268	0.006513332	0.001933645	0.13789945
"Alameda County, CA"	0.529262956	0.08299743	0.038220936	0.068296426	0.056229037	0.050929975	0.064925666	0.095915885	0.013221689
"Alpine County, CA"	0.640642939	0.057405281	0.006314581	0.005166475	0.048794489	0.072330654	0.105051665	0.056831228	0.007462687
"Amador County, CA"	0.837614327	0.026233638	0.007448382	0.017908976	0.015444438	0.008160359	0.013308505	0.005312449	0.068568925
"Butte County, CA"	0.627809089	0.034733334	0.022635779	0.065339027	0.040512031	0.030157258	0.018273729	0.030473201	0.130066552
"Calaveras County, CA"	0.862543931	0.014874507	0.010721005	0.012176506	0.005964003	0.002982001	0.003834002	0.005999503	0.08090454
"Colusa County, CA"	0.782352941	0.04543179	0.012390488	0.028035044	0.031289111	0.011138924	0.014267835	0.003128911	0.071964956
"Contra Costa County, CA"	0.669754618	0.075858495	0.018605924	0.04938685	0.044398057	0.037336508	0.035002212	0.051677149	0.017980187
"Del Norte County, CA"	0.636131644	0.032206969	0.038366772	0.045054558	0.016103485	0.007567758	0.013463569	0.006511792	0.204593453
"El Dorado County, CA"	0.806061421	0.020585534	0.01861434	0.031012701	0.024516722	0.016721546	0.014380754	0.014078355	0.054028627
"Fresno County, CA"	0.677057628	0.023588882	0.030645621	0.084426433	0.072158375	0.027687431	0.014990206	0.030293091	0.039152333
"Glenn County, CA"	0.73253056	0.022532385	0.023535851	0.046980478	0.036216019	0.014960774	0.012497719	0.006659369	0.104086845
"Humboldt County, CA"	0.686672099	0.03812537	0.038397009	0.072064299	0.040570123	0.015962801	0.013278366	0.009571289	0.085358644
"Imperial County, CA"	0.64332669	0.029913633	0.023462359	0.063009196	0.074058534	0.028112871	0.013234728	0.020035666	0.104846323
"Inyo County, CA"	0.625026244	0.030547974	0.018265799	0.029183288	0.010917489	0.013751837	0.012492127	0.00860802	0.251207222
"Kern County, CA"	0.712534236	0.024067614	0.035125431	0.063621622	0.04126412	0.017840353	0.010192541	0.019860466	0.075493616
"Kings County, CA"	0.703068512	0.041949564	0.032999735	0.06723393	0.05184728	0.022462746	0.013446786	0.023366546	0.043624901
"Lake County, CA"	0.682406915	0.011105827	0.018630934	0.019665986	0.016728677	0.007385235	0.0078608	0.005147285	0.231068341
"Lassen County, CA"	0.771982116	0.009647816	0.026276571	0.012550004	0.01678563	0.011059691	0.010275316	0.012785316	0.12863754
"Los Angeles County, CA"	0.493112014	0.064998091	0.02556073	0.056489444	0.077749798	0.076980458	0.089964849	0.098858737	0.01628588
"Madera County, CA"	0.79862248	0.018746257	0.018187263	0.047774007	0.022978638	0.01036135	0.008344979	0.008804153	0.066180874
"Marin County, CA"	0.632284248	0.086611726	0.032547111	0.041178978	0.055814077	0.048096904	0.046773707	0.041081292	0.015611957
"Mariposa County, CA"	0.729427635	0.008672191	0.021969551	0.016958952	0.011273849	0.003854307	0.008864907	0.001349008	0.197629601
"Mendocino County, CA"	0.731977185	0.029913588	0.025360456	0.031529216	0.033193802	0.017698465	0.014638565	0.007931262	0.10775746
"Merced County, CA"	0.758155004	0.020748509	0.030738093	0.045686961	0.042526749	0.014416248	0.010605056	0.0133155	0.063807878
"Modoc County, CA"	0.828380952	0.010095238	0.007238095	0.012380952	0.016190476	0.00552381	0.006666667	0.00247619	0.111047619
"Mono County, CA"	0.420055552	0.151200057	0.02072502	0.106260238	0.110390998	0.076561498	0.056548679	0.00683712	0.051420839
"Monterey County, CA"	0.62705268	0.063928338	0.029164414	0.058620542	0.072615761	0.048880098	0.027442582	0.02580613	0.046489456
"Napa County, CA"	0.693991633	0.059668927	0.027066503	0.039184218	0.034333526	0.02111584	0.022143681	0.037615407	0.064880265
"Nevada County, CA"	0.822841946	0.021051449	0.013990598	0.027550428	0.015844774	0.009383252	0.010787931	0.017661491	0.060888131
"Orange County, CA"	0.508706195	0.119731793	0.017018566	0.070966931	0.068001231	0.055046635	0.042316685	0.09002118	0.028190785
"Placer County, CA"	0.776372074	0.032912249	0.010327745	0.039494698	0.043415358	0.024313102	0.013377843	0.031471751	0.028315181
"Plumas County, CA"	0.813595934	0.025412961	0.013977128	0.013278272	0.00794155	0.003684879	0.005273189	0.005908513	0.110927573
"Riverside County, CA"	0.680245892	0.05762643	0.01439814	0.035185508	0.042659767	0.034167005	0.017887902	0.026477433	0.091351923
"Sacramento County, CA"	0.650363516	0.062929145	0.015979474	0.050979093	0.063730068	0.050847968	0.027805489	0.052724467	0.024640781
"San Benito County, CA"	0.776462244	0.048559581	0.015822785	0.055543431	0.019423832	0.010366652	0.018550851	0.004255784	0.051014841
"San Bernardino County, CA"	0.709453575	0.037907009	0.017251018	0.046262115	0.043676078	0.033003231	0.020241607	0.035298497	0.056906869
"San Diego County, CA"	0.512692872	0.094441025	0.01869019	0.049847475	0.079926882	0.065293159	0.053587018	0.088700425	0.036820953
"San Francisco County, CA"	0.199661352	0.118147632	0.098781687	0.114522921	0.102229645	0.098587003	0.094900814	0.171114515	0.00205443
"San Joaquin County, CA"	0.732187266	0.049295098	0.02050131	0.041077855	0.038983837	0.0288941	0.020559826	0.031372647	0.037128061
"San Luis Obispo County, CA"	0.672238771	0.054309298	0.032267727	0.051505217	0.041894793	0.025935664	0.020077882	0.014702701	0.087067947
"San Mateo County, CA"	0.56396919	0.083490544	0.027214668	0.044953091	0.069743265	0.059441894	0.062073578	0.077711016	0.011402753
"Santa Barbara County, CA"	0.581392953	0.071469496	0.031028911	0.064027707	0.072724815	0.056740419	0.036964317	0.037653133	0.047998249
"Santa Clara County, CA"	0.529259169	0.105423832	0.016548984	0.055029624	0.049965903	0.056422376	0.052180332	0.105243094	0.029926687
"Santa Cruz County, CA"	0.644318376	0.076515826	0.032428542	0.061561192	0.037997462	0.028943231	0.026774383	0.031225731	0.060235258
"Shasta County, CA"	0.707381315	0.017734078	0.023513317	0.053291736	0.034841646	0.014895603	0.011839767	0.021160706	0.115341832
"Sierra County, CA"	0.854271357	0.023031826	0.00879397	0	0	0.006700168	0	0.01758794	0.08961474
"Siskiyou County, CA"	0.752816462	0.009020994	0.022074413	0.028975265	0.025275411	0.01604656	0.00744128	0.008688422	0.129661193
"Solano County, CA"	0.706449193	0.045392472	0.020202214	0.055298032	0.059721875	0.03590365	0.018310861	0.029364057	0.029357645
"Sonoma County, CA"	0.68490871	0.080083498	0.02215403	0.04242742	0.034467168	0.025169787	0.024943725	0.03628528	0.049560382
"Stanislaus County, CA"	0.755182429	0.035490028	0.026787641	0.041448369	0.02857459	0.01828995	0.015899975	0.03467124	0.043655777
"Sutter County, CA"	0.720178926	0.043796047	0.018945153	0.047070518	0.029382528	0.030698164	0.025377149	0.028797801	0.055753713
"Tehama County, CA"	0.6620125	0.015132132	0.012829416	0.032055265	0.035746921	0.012463906	0.006286779	0.008223985	0.215249095
"Trinity County, CA"	0.7195371	0.004538235	0.002269117	0.012820513	0.010778307	0.003630588	0.002836397	0.007034264	0.23655548
"Tulare County, CA"	0.753551175	0.026350946	0.02783685	0.056859698	0.027775506	0.011362397	0.010803479	0.016644855	0.068815094
"Tuolumne County, CA"	0.808195209	0.015556899	0.012407343	0.024591989	0.018674641	0.008271562	0.008017052	0.006203671	0.098081634
"Ventura County, CA"	0.636562621	0.111801872	0.012975661	0.04541656	0.049042472	0.044000462	0.026304472	0.035521352	0.038374528
"Yolo County, CA"	0.588317125	0.070011441	0.017057569	0.063861875	0.073768787	0.050886682	0.036936398	0.055255083	0.043905039
"Yuba County, CA"	0.69704163	0.029619132	0.032630647	0.040779451	0.037023915	0.015022143	0.019982285	0.022639504	0.105261293
"Adams County, CO"	0.624150052	0.073253581	0.008619111	0.02612908	0.046947275	0.071061882	0.05579678	0.030323438	0.063718801
"Alamosa County, CO"	0.555555556	0.023008592	0.050094656	0.051405272	0.078636959	0.04077472	0.005533712	0.014853648	0.180136887
"Arapahoe County, CO"	0.562405746	0.099991464	0.007910215	0.027181711	0.059078659	0.093544598	0.077569702	0.06164765	0.010670255
"Archuleta County, CO"	0.699265431	0.018309396	0.016226291	0.036180243	0.078500164	0.028724921	0.003179476	0.000657823	0.118956255
"Baca County, CO"	0.813026141	0.007532122	0.01107665	0.030571555	0.007532122	0.008418254	0.001329198	0	0.120513957
"Bent County, CO"	0.812166963	0.010213144	0.005328597	0.011101243	0.009325044	0.001776199	0	0.003996448	0.146092362
"Boulder County, CO"	0.600597887	0.074479861	0.018456186	0.042650281	0.068403099	0.061189298	0.048719513	0.056784211	0.028719663
"Broomfield County, CO"	0.626035899	0.057081274	0.002564198	0.022446022	0.037496748	0.059088037	0.064142109	0.103980081	0.027165632
"Chaffee County, CO"	0.80667921	0.022107244	0.028222013	0.020507996	0.014863594	0.015522107	0.003198495	0.001599247	0.087300094
"Cheyenne County, CO"	0.765472313	0.026058632	0.018458198	0.005428882	0.024972856	0	0.003257329	0.004343105	0.152008686
"Clear Creek County, CO"	0.8161918	0.04343294	0.009207783	0.025017373	0.00590688	0.037004864	0.011987491	0	0.051250869
"Conejos County, CO"	0.733850719	0.008902077	0.021912805	0.010956403	0.02122803	0.012325953	0.002282584	0	0.188541429
"Costilla County, CO"	0.721305595	0.010401722	0.016499283	0.004662841	0.037661406	0.003586801	0	0	0.205882353
"Crowley County, CO"	0.751732829	0.003150599	0.006931317	0.030245747	0.017643352	0.001890359	0.005040958	0.001890359	0.18147448
"Custer County, CO"	0.893491124	0.001820665	0.007282658	0.006372326	0.016385981	0.005689577	0.005234411	0	0.063723259
"Delta County, CO"	0.751426243	0.011477859	0.021529476	0.012157023	0.015552839	0.004007063	0.014262429	0.002716653	0.166870416
"Denver County, CO"	0.458518359	0.078535704	0.024687494	0.033170967	0.046342847	0.086830076	0.10662376	0.162053248	0.003237544
"Dolores County, CO"	0.829817159	0.004219409	0.004219409	0	0.008438819	0	0	0	0.153305204
"Douglas County, CO"	0.777125479	0.059859036	0.002812511	0.016044865	0.037333537	0.040391718	0.029353461	0.032437057	0.004642337
"Eagle County, CO"	0.364909752	0.17128353	0.023282778	0.042303836	0.071885184	0.099304337	0.08363625	0.086017799	0.057376535
"Elbert County, CO"	0.934048257	0.011045576	0.002252011	0.003967828	0.002895442	0.003002681	0.000428954	0	0.042359249
"El Paso County, CO"	0.673485234	0.078569948	0.012977516	0.040613633	0.03972786	0.04518196	0.044642958	0.032106444	0.032694446
"Fremont County, CO"	0.757157412	0.021141111	0.022873153	0.016505349	0.015180846	0.009220581	0.013092206	0.012684666	0.132144677
"Garfield County, CO"	0.612302507	0.084010954	0.023762376	0.056583105	0.057467874	0.028017695	0.02700653	0.009395408	0.10145355
"Gilpin County, CO"	0.866573427	0.013146853	0.01958042	0.008951049	0.00979021	0.009230769	0.043636364	0.008111888	0.020979021
"Grand County, CO"	0.586436573	0.11280654	0.011444142	0.017741447	0.060793218	0.090099909	0.021980018	0.048925219	0.049772934
"Gunnison County, CO"	0.63054564	0.039350671	0.067567568	0.040880503	0.059408465	0.054054054	0.030681625	0.021162672	0.056348802
"Hinsdale County, CO"	0.837387074	0.017373176	0.022237665	0.023627519	0.021542738	0.002084781	0	0	0.075747047
"Huerfano County, CO"	0.775047985	0.02706334	0.028790787	0.029942418	0.017274472	0.010556622	0.001535509	0	0.109788868
"Jackson County, CO"	0.750762195	0.042682927	0.009908537	0.013719512	0.004573171	0	0	0	0.178353659
"Jefferson County, CO"	0.65623706	0.0885087	0.010677495	0.030431072	0.053645222	0.065750889	0.050286057	0.034026856	0.010436649
"Kiowa County, CO"	0.755	0.01	0.0225	0	0.01875	0.00875	0.01	0	0.175
"Kit Carson County, CO"	0.709695603	0.014656144	0.033821871	0.030157835	0.014374295	0.021420519	0.017474634	0	0.158399098
"Lake County, CO"	0.725565514	0.021980367	0.016005122	0.001707213	0.00789586	0.040332907	0.027742211	0.012377294	0.146393513
"La Plata County, CO"	0.643112932	0.050799276	0.019972681	0.020895633	0.034223059	0.030346661	0.028943774	0.023184553	0.148521431
"Larimer County, CO"	0.671618457	0.06848614	0.022384711	0.040878563	0.048856578	0.049571655	0.032816422	0.026710226	0.038677248
"Las Animas County, CO"	0.762541022	0.014650727	0.028012189	0.030707923	0.027191749	0.016643226	0.002578528	0.006680731	0.110993905
"Lincoln County, CO"	0.766684183	0.023646873	0	0.004729375	0.02942722	0.012611666	0.011560694	0.005780347	0.145559643
"Logan County, CO"	0.700231609	0.036175141	0.022278593	0.05238778	0.023712364	0.026579905	0.027241646	0.015330319	0.096062645
"Mesa County, CO"	0.703575424	0.034865366	0.026252471	0.048765536	0.035371105	0.021685491	0.02021425	0.015631944	0.093638412
"Mineral County, CO"	0.912875867	0.00616808	0	0.00308404	0	0	0.00308404	0	0.074787972
"Moffat County, CO"	0.607467688	0.025849689	0.012446146	0.03574278	0.025370991	0.027604915	0.053295037	0.00319132	0.209031434
"Montezuma County, CO"	0.714577379	0.010943242	0.012984892	0.033401388	0.017149857	0.004328297	0.008084933	0.00163332	0.196896693
"Montrose County, CO"	0.685670015	0.026928831	0.013784997	0.029974353	0.018059414	0.013945287	0.014319299	0.006465057	0.190852746
"Morgan County, CO"	0.694790147	0.025405545	0.027637113	0.021714874	0.031070294	0.029439533	0.011844477	0.024718908	0.133379109
"Otero County, CO"	0.778050139	0.021392758	0.028635097	0.027966574	0.03810585	0.009916435	0.018050139	0.007465181	0.070417827
"Ouray County, CO"	0.771384137	0.023017107	0.034214619	0.034525661	0.037325039	0.011508554	0	0	0.088024883
"Park County, CO"	0.933756363	0.005090301	0.001534063	0.005717872	0.012272505	0.00020919	0	0	0.041419706
"Phillips County, CO"	0.865803109	0.006217617	0.002590674	0.033160622	0.010880829	0.014507772	0.005699482	0.002072539	0.059067358
"Pitkin County, CO"	0.413363784	0.090025048	0.003830853	0.061662001	0.122218948	0.133269486	0.11116841	0.023869162	0.040592309
"Prowers County, CO"	0.719839142	0.004189008	0.023961126	0.051273458	0.03116622	0.019269437	0.011226542	0.008545576	0.130529491
"Pueblo County, CO"	0.74857685	0.035118525	0.017318531	0.03644963	0.022317256	0.020872865	0.024342236	0.037200147	0.057803959
"Rio Blanco County, CO"	0.716192171	0.014531435	0.029062871	0.041221827	0.047746145	0.021648873	0.03262159	0.002372479	0.09460261
"Rio Grande County, CO"	0.734979179	0.009666865	0.045359905	0.015913147	0.023944081	0.012790006	0.015466984	0.011154075	0.130725758
"Routt County, CO"	0.490059043	0.145800699	0.013796843	0.035305458	0.05729606	0.059585492	0.072478612	0.062778648	0.062899144
"Saguache County, CO"	0.712935323	0.015920398	0.022885572	0.017412935	0.016915423	0.000248756	0	0	0.213681592
"San Juan County, CO"	0.6545961	0.006963788	0.048746518	0.061281337	0	0.06545961	0.082172702	0.038997214	0.04178273
"San Miguel County, CO"	0.542806447	0.02277096	0.052639361	0.051308591	0.067129972	0.077776135	0.07319237	0.091083839	0.021292326
"Sedgwick County, CO"	0.794140324	0.00848111	0.022359291	0.053199692	0.01002313	0.037779491	0.0077101	0.00231303	0.063993832
"Summit County, CO"	0.327776328	0.109976511	0.022412893	0.056635782	0.105278612	0.106453086	0.149093044	0.11141198	0.010961764
"Teller County, CO"	0.836345459	0.01168961	0.00822887	0.017226794	0.015227255	0.011151273	0.005690994	0.001845728	0.092594017
"Washington County, CO"	0.858573217	0.013767209	0.022110972	0.009595327	0.007509387	0.008343763	0.002503129	0.000834376	0.07676262
"Weld County, CO"	0.737044754	0.030466552	0.022612269	0.029160706	0.035872373	0.030927439	0.024446215	0.015324493	0.074145199
"Yuma County, CO"	0.787480508	0.024504344	0.021385609	0.020271775	0.00757407	0.007796837	0.017821341	0.008910671	0.104254845
"Fairfield County, CT"	0.579540651	0.067997312	0.08577839	0.081507896	0.044726374	0.034296723	0.033337488	0.068875256	0.00393991
"Hartford County, CT"	0.555997248	0.060398581	0.076331251	0.096165043	0.063021385	0.045434575	0.041771649	0.055375291	0.005504976
"Litchfield County, CT"	0.736283327	0.037641368	0.073863378	0.060805287	0.037391561	0.022380433	0.013205705	0.01438661	0.004042331
"Middlesex County, CT"	0.70770892	0.039519081	0.059864626	0.041612895	0.048473755	0.035002239	0.025968553	0.030919961	0.010929969
"New Haven County, CT"	0.536455056	0.048614949	0.09527939	0.108763329	0.062607716	0.042221772	0.042938508	0.056947689	0.00617159
"New London County, CT"	0.654858523	0.040375533	0.078026738	0.066860252	0.050506122	0.029951305	0.026394995	0.029731074	0.023295459
"Tolland County, CT"	0.691957563	0.040694428	0.046024467	0.071879389	0.059171898	0.03316469	0.020914059	0.023418332	0.012775174
"Windham County, CT"	0.661677794	0.04106743	0.088286907	0.076265204	0.058898279	0.020594227	0.012949553	0.012989895	0.02727071
"Kent County, DE"	0.666762582	0.085517797	0.012257935	0.015192933	0.02487555	0.044873824	0.015466291	0.010718499	0.12433459
"New Castle County, DE"	0.539653308	0.206476835	0.020791573	0.028999606	0.042927019	0.077876771	0.021429573	0.03837052	0.023474794
"Sussex County, DE"	0.630057151	0.089193864	0.010851256	0.0166416	0.034020153	0.024349526	0.013024515	0.015190254	0.16667168
"District of Columbia, DC"	0.11935644	0.250859129	0.031561424	0.071654103	0.067760035	0.104607656	0.079189125	0.274447448	0.00056464
"Alachua County, FL"	0.503131452	0.049860342	0.024331639	0.058057633	0.084844121	0.085581444	0.06264638	0.045939522	0.085607467
"Baker County, FL"	0.554990852	0.008639967	0.010063021	0.007013621	0.015145355	0	0	0.00182964	0.402317544
"Bay County, FL"	0.489909993	0.056882597	0.025621815	0.047132703	0.047320011	0.044401944	0.031408658	0.121977188	0.135345091
"Bradford County, FL"	0.565102985	0.005897831	0.010343889	0.013428908	0.029761365	0.017149079	0.010162417	0.003266491	0.344887034
"Brevard County, FL"	0.651371804	0.042006249	0.019027538	0.033047829	0.053171499	0.048153327	0.041955266	0.032851181	0.078415307
"Broward County, FL"	0.414968804	0.083465912	0.02513374	0.044777378	0.055483869	0.07496377	0.119345245	0.153374585	0.028486697
"Calhoun County, FL"	0.574662893	0.00815715	0.018811387	0.009155985	0.005660063	0	0.00133178	0	0.382220742
"Charlotte County, FL"	0.66272149	0.026057648	0.02102146	0.042890402	0.044575626	0.038370496	0.029837225	0.022463154	0.112062499
"Citrus County, FL"	0.681738027	0.025233111	0.015261656	0.013675864	0.010009515	0.010466223	0.006038693	0.006000634	0.231576277
"Clay County, FL"	0.720738438	0.03301402	0.002994354	0.028979255	0.039256487	0.022394214	0.016430882	0.006978367	0.129213982
"Collier County, FL"	0.410013356	0.051334841	0.036224163	0.071373124	0.100471064	0.102674503	0.091314976	0.086618805	0.049975169
"Columbia County, FL"	0.538568354	0.004096369	0.020204124	0.018260085	0.015691175	0.023675623	0.009997917	0.002360619	0.367145734
"DeSoto County, FL"	0.530235349	0.022868191	0.021801453	0.014867658	0.065871058	0.008267218	0.002133476	0.003933596	0.330022001
"Dixie County, FL"	0.436759526	0.0021347	0.011207173	0.002668374	0.007684918	0.002561639	0.003095314	0.003949194	0.529939161
"Duval County, FL"	0.608806812	0.052342046	0.019372786	0.042923329	0.058438569	0.082271799	0.049877919	0.039523586	0.046443152
"Escambia County, FL"	0.673054218	0.026146503	0.033624089	0.042625813	0.043305594	0.034783293	0.032851286	0.041130296	0.072478909
"Flagler County, FL"	0.792656974	0.051572227	0.009765508	0.01115774	0.007816385	0.017701227	0.020505579	0.041349271	0.047475089
"Franklin County, FL"	0.660497397	0.021399653	0.019201851	0.021399653	0.049161365	0.00670908	0.004742626	0	0.216888375
"Gadsden County, FL"	0.645426829	0.002794715	0.011737805	0.030030488	0.021646341	0.002845528	0.002083333	0.002591463	0.280843496
"Gilchrist County, FL"	0.45239376	0.006051641	0.004975793	0.006724045	0.008068854	0.000403443	0	0.001882733	0.519499731
"Glades County, FL"	0.414316392	0.007587688	0.018754474	0.010307802	0.026198998	0	0.001145311	0.002290623	0.519398712
"Gulf County, FL"	0.667413572	0.041826718	0.021873666	0.031370038	0.01845924	0.008749466	0.002454119	0.001387111	0.206466069
"Hamilton County, FL"	0.501639344	0.003106126	0.033994823	0.013977567	0.012079379	0	0.001207938	0	0.433994823
"Hardee County, FL"	0.57301522	0.002159605	0.011620732	0.018305224	0.04267791	0.025915261	0	0.008741259	0.317564788
