Dependency=PUMA	Dependency=Geometry Building Type RECS	Dependency=Vintage	Option=Electricity	Option=Fuel Oil	Option=Natural Gas	Option=None	Option=Other Fuel	Option=Propane	Region
AL, 00100	Mobile Home	2040s	0.942590	0.000000	0.027968	0.000000	0.021912	0.007530	South
AL, 00100	Multi-Family with 2 - 4 Units	2040s	1.000000	0.000000	0.000000	0.000000	0.000000	0.000000	South
AL, 00100	Multi-Family with 5+ Units	2040s	0.987005	0.000000	0.012995	0.000000	0.000000	0.000000	South
AL, 00100	Single-Family Attached	2040s	0.909533	0.000000	0.086064	0.000000	0.000000	0.004403	South
AL, 00100	Single-Family Detached	2040s	0.844099	0.000000	0.145622	0.000000	0.000000	0.010279	South
AL, 00200	Mobile Home	2040s	1.000000	0.000000	0.000000	0.000000	0.000000	0.000000	South
AL, 00200	Multi-Family with 2 - 4 Units	2040s	0.920846	0.000000	0.066304	0.000000	0.000000	0.012850	South
AL, 00200	Multi-Family with 5+ Units	2040s	0.955829	0.000000	0.036324	0.003938	0.002626	0.001283	South
AL, 00200	Single-Family Attached	2040s	0.909533	0.000000	0.086064	0.000000	0.000000	0.004403	South
AL, 00200	Single-Family Detached	2040s	0.933238	0.000000	0.044016	0.017043	0.000000	0.005702	South
AL, 00301	Mobile Home	2040s	0.949218	0.000000	0.006017	0.014440	0.005458	0.024866	South
AL, 00301	Multi-Family with 2 - 4 Units	2040s	0.920846	0.000000	0.066304	0.000000	0.000000	0.012850	South
AL, 00301	Multi-Family with 5+ Units	2040s	0.981587	0.000000	0.018413	0.000000	0.000000	0.000000	South
AL, 00301	Single-Family Attached	2040s	0.909533	0.000000	0.086064	0.000000	0.000000	0.004403	South
AL, 00301	Single-Family Detached	2040s	0.881256	0.000000	0.107186	0.011558	0.000000	0.000000	South
AL, 00302	Mobile Home	2040s	0.949218	0.000000	0.006017	0.014440	0.005458	0.024866	South
AL, 00302	Multi-Family with 2 - 4 Units	2040s	0.920846	0.000000	0.066304	0.000000	0.000000	0.012850	South
AL, 00302	Multi-Family with 5+ Units	2040s	0.963020	0.000000	0.023557	0.000000	0.013423	0.000000	South
AL, 00302	Single-Family Attached	2040s	0.909533	0.000000	0.086064	0.000000	0.000000	0.004403	South
AL, 00302	Single-Family Detached	2040s	0.878712	0.000000	0.121288	0.000000	0.000000	0.000000	South
AL, 00400	Mobile Home	2040s	0.949218	0.000000	0.006017	0.014440	0.005458	0.024866	South
AL, 00400	Multi-Family with 2 - 4 Units	2040s	0.920846	0.000000	0.066304	0.000000	0.000000	0.012850	South
AL, 00400	Multi-Family with 5+ Units	2040s	0.955829	0.000000	0.036324	0.003938	0.002626	0.001283	South
AL, 00400	Single-Family Attached	2040s	0.909533	0.000000	0.086064	0.000000	0.000000	0.004403	South
AL, 00400	Single-Family Detached	2040s	0.868167	0.000000	0.048617	0.003215	0.070740	0.009260	South
AL, 00500	Mobile Home	2040s	0.949218	0.000000	0.006017	0.014440	0.005458	0.024866	South
AL, 00500	Multi-Family with 2 - 4 Units	2040s	0.920846	0.000000	0.066304	0.000000	0.000000	0.012850	South
AL, 00500	Multi-Family with 5+ Units	2040s	0.955829	0.000000	0.036324	0.003938	0.002626	0.001283	South
AL, 00500	Single-Family Attached	2040s	0.909533	0.000000	0.086064	0.000000	0.000000	0.004403	South
AL, 00500	Single-Family Detached	2040s	0.895951	0.000000	0.077409	0.000000	0.026108	0.000532	South
AL, 00600	Mobile Home	2040s	0.949218	0.000000	0.006017	0.014440	0.005458	0.024866	South
AL, 00600	Multi-Family with 2 - 4 Units	2040s	0.920846	0.000000	0.066304	0.000000	0.000000	0.012850	South
AL, 00600	Multi-Family with 5+ Units	2040s	0.955829	0.000000	0.036324	0.003938	0.002626	0.001283	South
AL, 00600	Single-Family Attached	2040s	0.909533	0.000000	0.086064	0.000000	0.000000	0.004403	South
AL, 00600	Single-Family Detached	2040s	0.886039	0.000000	0.078296	0.000000	0.028401	0.007265	South
AL, 00700	Mobile Home	2040s	0.918780	0.000000	0.000000	0.043573	0.000000	0.037647	South
AL, 00700	Multi-Family with 2 - 4 Units	2040s	0.920846	0.000000	0.066304	0.000000	0.000000	0.012850	South
AL, 00700	Multi-Family with 5+ Units	2040s	0.955829	0.000000	0.036324	0.003938	0.002626	0.001283	South
AL, 00700	Single-Family Attached	2040s	0.909533	0.000000	0.086064	0.000000	0.000000	0.004403	South
AL, 00700	Single-Family Detached	2040s	0.862659	0.000000	0.051100	0.000000	0.026854	0.059386	South
AL, 00800	Mobile Home	2040s	0.739745	0.000000	0.000000	0.000000	0.136170	0.124085	South
AL, 00800	Multi-Family with 2 - 4 Units	2040s	0.920846	0.000000	0.066304	0.000000	0.000000	0.012850	South
AL, 00800	Multi-Family with 5+ Units	2040s	0.955829	0.000000	0.036324	0.003938	0.002626	0.001283	South
AL, 00800	Single-Family Attached	2040s	0.909533	0.000000	0.086064	0.000000	0.000000	0.004403	South
AL, 00800	Single-Family Detached	2040s	0.808240	0.000000	0.152970	0.012651	0.014851	0.011287	South
AL, 00900	Mobile Home	2040s	0.949218	0.000000	0.006017	0.014440	0.005458	0.024866	South
AL, 00900	Multi-Family with 2 - 4 Units	2040s	0.920846	0.000000	0.066304	0.000000	0.000000	0.012850	South
AL, 00900	Multi-Family with 5+ Units	2040s	0.955829	0.000000	0.036324	0.003938	0.002626	0.001283	South
AL, 00900	Single-Family Attached	2040s	0.909533	0.000000	0.086064	0.000000	0.000000	0.004403	South
AL, 00900	Single-Family Detached	2040s	0.898470	0.000000	0.068058	0.000000	0.000000	0.033471	South
AL, 01000	Mobile Home	2040s	0.908000	0.000000	0.000000	0.043478	0.000000	0.048522	South
AL, 01000	Multi-Family with 2 - 4 Units	2040s	0.920846	0.000000	0.066304	0.000000	0.000000	0.012850	South
AL, 01000	Multi-Family with 5+ Units	2040s	0.955829	0.000000	0.036324	0.003938	0.002626	0.001283	South
AL, 01000	Single-Family Attached	2040s	0.909533	0.000000	0.086064	0.000000	0.000000	0.004403	South
AL, 01000	Single-Family Detached	2040s	0.864554	0.000000	0.019832	0.000000	0.020986	0.094627	South
AL, 01100	Mobile Home	2040s	1.000000	0.000000	0.000000	0.000000	0.000000	0.000000	South
AL, 01100	Multi-Family with 2 - 4 Units	2040s	0.920846	0.000000	0.066304	0.000000	0.000000	0.012850	South
AL, 01100	Multi-Family with 5+ Units	2040s	0.955829	0.000000	0.036324	0.003938	0.002626	0.001283	South
AL, 01100	Single-Family Attached	2040s	0.909533	0.000000	0.086064	0.000000	0.000000	0.004403	South
AL, 01100	Single-Family Detached	2040s	0.851235	0.000000	0.073193	0.000000	0.021084	0.054488	South
AL, 01200	Mobile Home	2040s	0.804653	0.000000	0.000000	0.175510	0.000000	0.019837	South
AL, 01200	Multi-Family with 2 - 4 Units	2040s	0.920846	0.000000	0.066304	0.000000	0.000000	0.012850	South
AL, 01200	Multi-Family with 5+ Units	2040s	0.917099	0.000000	0.058731	0.024169	0.000000	0.000000	South
AL, 01200	Single-Family Attached	2040s	0.909533	0.000000	0.086064	0.000000	0.000000	0.004403	South
AL, 01200	Single-Family Detached	2040s	0.740310	0.000000	0.256769	0.000000	0.000000	0.002920	South
AL, 01301	Mobile Home	2040s	0.949218	0.000000	0.006017	0.014440	0.005458	0.024866	South
AL, 01301	Multi-Family with 2 - 4 Units	2040s	0.920846	0.000000	0.066304	0.000000	0.000000	0.012850	South
AL, 01301	Multi-Family with 5+ Units	2040s	0.672143	0.000000	0.327857	0.000000	0.000000	0.000000	South
AL, 01301	Single-Family Attached	2040s	0.909533	0.000000	0.086064	0.000000	0.000000	0.004403	South
AL, 01301	Single-Family Detached	2040s	0.856341	0.000000	0.117926	0.005423	0.007789	0.012522	South
AL, 01302	Mobile Home	2040s	0.949218	0.000000	0.006017	0.014440	0.005458	0.024866	South
AL, 01302	Multi-Family with 2 - 4 Units	2040s	0.920846	0.000000	0.066304	0.000000	0.000000	0.012850	South
AL, 01302	Multi-Family with 5+ Units	2040s	0.821005	0.000000	0.178995	0.000000	0.000000	0.000000	South
AL, 01302	Single-Family Attached	2040s	0.909533	0.000000	0.086064	0.000000	0.000000	0.004403	South
AL, 01302	Single-Family Detached	2040s	0.856341	0.000000	0.117926	0.005423	0.007789	0.012522	South
AL, 01303	Mobile Home	2040s	0.949218	0.000000	0.006017	0.014440	0.005458	0.024866	South
AL, 01303	Multi-Family with 2 - 4 Units	2040s	0.920846	0.000000	0.066304	0.000000	0.000000	0.012850	South
AL, 01303	Multi-Family with 5+ Units	2040s	0.940750	0.000000	0.059250	0.000000	0.000000	0.000000	South
AL, 01303	Single-Family Attached	2040s	0.909533	0.000000	0.086064	0.000000	0.000000	0.004403	South
AL, 01303	Single-Family Detached	2040s	0.612223	0.000000	0.387777	0.000000	0.000000	0.000000	South
AL, 01304	Mobile Home	2040s	0.949218	0.000000	0.006017	0.014440	0.005458	0.024866	South
AL, 01304	Multi-Family with 2 - 4 Units	2040s	0.920846	0.000000	0.066304	0.000000	0.000000	0.012850	South
AL, 01304	Multi-Family with 5+ Units	2040s	0.955829	0.000000	0.036324	0.003938	0.002626	0.001283	South
AL, 01304	Single-Family Attached	2040s	0.909533	0.000000	0.086064	0.000000	0.000000	0.004403	South
AL, 01304	Single-Family Detached	2040s	0.779112	0.000000	0.195699	0.015038	0.000000	0.010150	South
AL, 01305	Mobile Home	2040s	0.949218	0.000000	0.006017	0.014440	0.005458	0.024866	South
AL, 01305	Multi-Family with 2 - 4 Units	2040s	0.920846	0.000000	0.066304	0.000000	0.000000	0.012850	South
AL, 01305	Multi-Family with 5+ Units	2040s	0.955101	0.000000	0.044899	0.000000	0.000000	0.000000	South
AL, 01305	Single-Family Attached	2040s	0.909533	0.000000	0.086064	0.000000	0.000000	0.004403	South
AL, 01305	Single-Family Detached	2040s	0.580807	0.000000	0.411602	0.000000	0.000000	0.007592	South
AL, 01400	Mobile Home	2040s	0.971001	0.000000	0.000000	0.000000	0.000000	0.028999	South
AL, 01400	Multi-Family with 2 - 4 Units	2040s	0.920846	0.000000	0.066304	0.000000	0.000000	0.012850	South
AL, 01400	Multi-Family with 5+ Units	2040s	0.955829	0.000000	0.036324	0.003938	0.002626	0.001283	South
AL, 01400	Single-Family Attached	2040s	0.909533	0.000000	0.086064	0.000000	0.000000	0.004403	South
AL, 01400	Single-Family Detached	2040s	0.872560	0.000000	0.063360	0.000000	0.000000	0.064080	South
AL, 01500	Mobile Home	2040s	0.941726	0.000000	0.058274	0.000000	0.000000	0.000000	South
AL, 01500	Multi-Family with 2 - 4 Units	2040s	0.920846	0.000000	0.066304	0.000000	0.000000	0.012850	South
AL, 01500	Multi-Family with 5+ Units	2040s	0.955829	0.000000	0.036324	0.003938	0.002626	0.001283	South
AL, 01500	Single-Family Attached	2040s	0.909533	0.000000	0.086064	0.000000	0.000000	0.004403	South
AL, 01500	Single-Family Detached	2040s	0.775475	0.000000	0.170902	0.000000	0.012034	0.041589	South
AL, 01600	Mobile Home	2040s	0.949218	0.000000	0.006017	0.014440	0.005458	0.024866	South
AL, 01600	Multi-Family with 2 - 4 Units	2040s	0.920846	0.000000	0.066304	0.000000	0.000000	0.012850	South
AL, 01600	Multi-Family with 5+ Units	2040s	0.961401	0.000000	0.030573	0.000000	0.000000	0.008025	South
AL, 01600	Single-Family Attached	2040s	0.909533	0.000000	0.086064	0.000000	0.000000	0.004403	South
AL, 01600	Single-Family Detached	2040s	0.824983	0.000000	0.175017	0.000000	0.000000	0.000000	South
AL, 01700	Mobile Home	2040s	0.913166	0.000000	0.056985	0.000000	0.000000	0.029849	South
AL, 01700	Multi-Family with 2 - 4 Units	2040s	0.920846	0.000000	0.066304	0.000000	0.000000	0.012850	South
AL, 01700	Multi-Family with 5+ Units	2040s	0.955829	0.000000	0.036324	0.003938	0.002626	0.001283	South
AL, 01700	Single-Family Attached	2040s	0.909533	0.000000	0.086064	0.000000	0.000000	0.004403	South
AL, 01700	Single-Family Detached	2040s	0.932059	0.000000	0.000000	0.000000	0.067941	0.000000	South
AL, 01800	Mobile Home	2040s	0.992908	0.000000	0.000000	0.007092	0.000000	0.000000	South
AL, 01800	Multi-Family with 2 - 4 Units	2040s	0.920846	0.000000	0.066304	0.000000	0.000000	0.012850	South
AL, 01800	Multi-Family with 5+ Units	2040s	0.955829	0.000000	0.036324	0.003938	0.002626	0.001283	South
AL, 01800	Single-Family Attached	2040s	0.909533	0.000000	0.086064	0.000000	0.000000	0.004403	South
AL, 01800	Single-Family Detached	2040s	0.915840	0.000000	0.008640	0.043200	0.006400	0.025920	South
AL, 01900	Mobile Home	2040s	0.971891	0.000000	0.000000	0.003899	0.000000	0.024210	South
AL, 01900	Multi-Family with 2 - 4 Units	2040s	0.988834	0.000000	0.011166	0.000000	0.000000	0.000000	South
AL, 01900	Multi-Family with 5+ Units	2040s	0.980930	0.000000	0.019070	0.000000	0.000000	0.000000	South
AL, 01900	Single-Family Attached	2040s	0.909533	0.000000	0.086064	0.000000	0.000000	0.004403	South
AL, 01900	Single-Family Detached	2040s	0.937336	0.000000	0.058280	0.004384	0.000000	0.000000	South
AL, 02000	Mobile Home	2040s	0.949218	0.000000	0.006017	0.014440	0.005458	0.024866	South
AL, 02000	Multi-Family with 2 - 4 Units	2040s	0.804552	0.000000	0.195448	0.000000	0.000000	0.000000	South
AL, 02000	Multi-Family with 5+ Units	2040s	0.938033	0.000000	0.043156	0.000000	0.000000	0.018811	South
AL, 02000	Single-Family Attached	2040s	0.909533	0.000000	0.086064	0.000000	0.000000	0.004403	South
AL, 02000	Single-Family Detached	2040s	0.788921	0.000000	0.211079	0.000000	0.000000	0.000000	South
AL, 02100	Mobile Home	2040s	0.997655	0.000000	0.000000	0.000000	0.000000	0.002345	South
AL, 02100	Multi-Family with 2 - 4 Units	2040s	0.920846	0.000000	0.066304	0.000000	0.000000	0.012850	South
AL, 02100	Multi-Family with 5+ Units	2040s	0.937500	0.000000	0.000000	0.000000	0.062500	0.000000	South
AL, 02100	Single-Family Attached	2040s	0.909533	0.000000	0.086064	0.000000	0.000000	0.004403	South
AL, 02100	Single-Family Detached	2040s	0.813586	0.000000	0.151635	0.005134	0.000000	0.029644	South
AL, 02200	Mobile Home	2040s	1.000000	0.000000	0.000000	0.000000	0.000000	0.000000	South
AL, 02200	Multi-Family with 2 - 4 Units	2040s	0.920846	0.000000	0.066304	0.000000	0.000000	0.012850	South
AL, 02200	Multi-Family with 5+ Units	2040s	0.955829	0.000000	0.036324	0.003938	0.002626	0.001283	South
AL, 02200	Single-Family Attached	2040s	0.909533	0.000000	0.086064	0.000000	0.000000	0.004403	South
AL, 02200	Single-Family Detached	2040s	0.878486	0.000000	0.025648	0.000000	0.066752	0.029114	South
AL, 02300	Mobile Home	2040s	0.918462	0.000000	0.000000	0.000000	0.000000	0.081538	South
AL, 02300	Multi-Family with 2 - 4 Units	2040s	0.920846	0.000000	0.066304	0.000000	0.000000	0.012850	South
AL, 02300	Multi-Family with 5+ Units	2040s	0.955829	0.000000	0.036324	0.003938	0.002626	0.001283	South
AL, 02300	Single-Family Attached	2040s	0.909533	0.000000	0.086064	0.000000	0.000000	0.004403	South
AL, 02300	Single-Family Detached	2040s	0.865809	0.000000	0.083382	0.010110	0.000000	0.040699	South
AL, 02400	Mobile Home	2040s	0.899603	0.000000	0.000000	0.041391	0.000000	0.059007	South
AL, 02400	Multi-Family with 2 - 4 Units	2040s	0.920846	0.000000	0.066304	0.000000	0.000000	0.012850	South
AL, 02400	Multi-Family with 5+ Units	2040s	1.000000	0.000000	0.000000	0.000000	0.000000	0.000000	South
AL, 02400	Single-Family Attached	2040s	0.909533	0.000000	0.086064	0.000000	0.000000	0.004403	South
AL, 02400	Single-Family Detached	2040s	0.919966	0.000000	0.049300	0.000000	0.013225	0.017508	South
AL, 02500	Mobile Home	2040s	0.948419	0.000000	0.000000	0.000000	0.012165	0.039416	South
AL, 02500	Multi-Family with 2 - 4 Units	2040s	1.000000	0.000000	0.000000	0.000000	0.000000	0.000000	South
AL, 02500	Multi-Family with 5+ Units	2040s	1.000000	0.000000	0.000000	0.000000	0.000000	0.000000	South
AL, 02500	Single-Family Attached	2040s	0.909533	0.000000	0.086064	0.000000	0.000000	0.004403	South
AL, 02500	Single-Family Detached	2040s	0.949203	0.000000	0.049331	0.001466	0.000000	0.000000	South
AL, 02600	Mobile Home	2040s	0.991202	0.000000	0.000000	0.000000	0.000000	0.008798	South
AL, 02600	Multi-Family with 2 - 4 Units	2040s	0.920846	0.000000	0.066304	0.000000	0.000000	0.012850	South
AL, 02600	Multi-Family with 5+ Units	2040s	1.000000	0.000000	0.000000	0.000000	0.000000	0.000000	South
AL, 02600	Single-Family Attached	2040s	0.909533	0.000000	0.086064	0.000000	0.000000	0.004403	South
AL, 02600	Single-Family Detached	2040s	0.940437	0.000000	0.044521	0.012831	0.000000	0.002211	South
AL, 02701	Mobile Home	2040s	0.949218	0.000000	0.006017	0.014440	0.005458	0.024866	South
AL, 02701	Multi-Family with 2 - 4 Units	2040s	0.920846	0.000000	0.066304	0.000000	0.000000	0.012850	South
AL, 02701	Multi-Family with 5+ Units	2040s	0.965922	0.000000	0.034078	0.000000	0.000000	0.000000	South
AL, 02701	Single-Family Attached	2040s	0.909533	0.000000	0.086064	0.000000	0.000000	0.004403	South
AL, 02701	Single-Family Detached	2040s	0.856341	0.000000	0.117926	0.005423	0.007789	0.012522	South
AL, 02702	Mobile Home	2040s	0.949218	0.000000	0.006017	0.014440	0.005458	0.024866	South
AL, 02702	Multi-Family with 2 - 4 Units	2040s	0.920846	0.000000	0.066304	0.000000	0.000000	0.012850	South
AL, 02702	Multi-Family with 5+ Units	2040s	0.962124	0.000000	0.037876	0.000000	0.000000	0.000000	South
AL, 02702	Single-Family Attached	2040s	0.909533	0.000000	0.086064	0.000000	0.000000	0.004403	South
AL, 02702	Single-Family Detached	2040s	0.892000	0.000000	0.108000	0.000000	0.000000	0.000000	South
AL, 02703	Mobile Home	2040s	0.949218	0.000000	0.006017	0.014440	0.005458	0.024866	South
AL, 02703	Multi-Family with 2 - 4 Units	2040s	0.920846	0.000000	0.066304	0.000000	0.000000	0.012850	South
AL, 02703	Multi-Family with 5+ Units	2040s	1.000000	0.000000	0.000000	0.000000	0.000000	0.000000	South
AL, 02703	Single-Family Attached	2040s	0.909533	0.000000	0.086064	0.000000	0.000000	0.004403	South
AL, 02703	Single-Family Detached	2040s	0.913457	0.000000	0.080273	0.000000	0.006271	0.000000	South
AR, 00100	Mobile Home	2040s	0.929620	0.000000	0.022567	0.000000	0.024440	0.023373	South
AR, 00100	Multi-Family with 2 - 4 Units	2040s	0.938852	0.000000	0.055304	0.003262	0.000000	0.002583	South
AR, 00100	Multi-Family with 5+ Units	2040s	0.954985	0.000000	0.012385	0.015291	0.000000	0.017339	South
AR, 00100	Single-Family Attached	2040s	0.902298	0.000000	0.097702	0.000000	0.000000	0.000000	South
AR, 00100	Single-Family Detached	2040s	0.629359	0.000000	0.337199	0.000000	0.019082	0.014361	South
AR, 00200	Mobile Home	2040s	0.929620	0.000000	0.022567	0.000000	0.024440	0.023373	South
AR, 00200	Multi-Family with 2 - 4 Units	2040s	0.938852	0.000000	0.055304	0.003262	0.000000	0.002583	South
AR, 00200	Multi-Family with 5+ Units	2040s	0.988923	0.000000	0.011077	0.000000	0.000000	0.000000	South
AR, 00200	Single-Family Attached	2040s	0.820500	0.000000	0.117071	0.036322	0.026107	0.000000	South
AR, 00200	Single-Family Detached	2040s	0.628166	0.000000	0.299785	0.000000	0.051934	0.020114	South
AR, 00300	Mobile Home	2040s	0.870955	0.000000	0.033610	0.000000	0.095436	0.000000	South
AR, 00300	Multi-Family with 2 - 4 Units	2040s	0.950909	0.000000	0.049091	0.000000	0.000000	0.000000	South
AR, 00300	Multi-Family with 5+ Units	2040s	0.980729	0.000000	0.014880	0.003242	0.000000	0.001149	South
AR, 00300	Single-Family Attached	2040s	0.820500	0.000000	0.117071	0.036322	0.026107	0.000000	South
AR, 00300	Single-Family Detached	2040s	0.763934	0.000000	0.058050	0.036667	0.050000	0.091350	South
AR, 00400	Mobile Home	2040s	0.977567	0.000000	0.012819	0.000000	0.000000	0.009614	South
AR, 00400	Multi-Family with 2 - 4 Units	2040s	0.938852	0.000000	0.055304	0.003262	0.000000	0.002583	South
AR, 00400	Multi-Family with 5+ Units	2040s	0.980729	0.000000	0.014880	0.003242	0.000000	0.001149	South
AR, 00400	Single-Family Attached	2040s	0.820500	0.000000	0.117071	0.036322	0.026107	0.000000	South
AR, 00400	Single-Family Detached	2040s	0.768385	0.000000	0.100183	0.000000	0.092346	0.039085	South
AR, 00500	Mobile Home	2040s	0.929620	0.000000	0.022567	0.000000	0.024440	0.023373	South
AR, 00500	Multi-Family with 2 - 4 Units	2040s	0.953788	0.000000	0.039937	0.000000	0.000000	0.006276	South
AR, 00500	Multi-Family with 5+ Units	2040s	0.978030	0.000000	0.021970	0.000000	0.000000	0.000000	South
AR, 00500	Single-Family Attached	2040s	0.820500	0.000000	0.117071	0.036322	0.026107	0.000000	South
AR, 00500	Single-Family Detached	2040s	0.906649	0.000000	0.066833	0.000000	0.006819	0.019700	South
AR, 00600	Mobile Home	2040s	0.929620	0.000000	0.022567	0.000000	0.024440	0.023373	South
AR, 00600	Multi-Family with 2 - 4 Units	2040s	0.938852	0.000000	0.055304	0.003262	0.000000	0.002583	South
AR, 00600	Multi-Family with 5+ Units	2040s	0.980729	0.000000	0.014880	0.003242	0.000000	0.001149	South
AR, 00600	Single-Family Attached	2040s	0.820500	0.000000	0.117071	0.036322	0.026107	0.000000	South
AR, 00600	Single-Family Detached	2040s	0.741666	0.000000	0.155676	0.009009	0.000000	0.093648	South
AR, 00700	Mobile Home	2040s	0.973818	0.000000	0.026182	0.000000	0.000000	0.000000	South
AR, 00700	Multi-Family with 2 - 4 Units	2040s	0.938852	0.000000	0.055304	0.003262	0.000000	0.002583	South
AR, 00700	Multi-Family with 5+ Units	2040s	0.980729	0.000000	0.014880	0.003242	0.000000	0.001149	South
AR, 00700	Single-Family Attached	2040s	0.820500	0.000000	0.117071	0.036322	0.026107	0.000000	South
AR, 00700	Single-Family Detached	2040s	0.817128	0.000000	0.144575	0.000000	0.000000	0.038298	South
AR, 00800	Mobile Home	2040s	0.934267	0.000000	0.029095	0.000000	0.036638	0.000000	South
AR, 00800	Multi-Family with 2 - 4 Units	2040s	0.938852	0.000000	0.055304	0.003262	0.000000	0.002583	South
AR, 00800	Multi-Family with 5+ Units	2040s	0.980729	0.000000	0.014880	0.003242	0.000000	0.001149	South
AR, 00800	Single-Family Attached	2040s	0.820500	0.000000	0.117071	0.036322	0.026107	0.000000	South
AR, 00800	Single-Family Detached	2040s	0.876336	0.000000	0.109986	0.000000	0.005658	0.008020	South
AR, 00900	Mobile Home	2040s	0.958082	0.000000	0.041918	0.000000	0.000000	0.000000	South
AR, 00900	Multi-Family with 2 - 4 Units	2040s	0.932675	0.000000	0.067325	0.000000	0.000000	0.000000	South
AR, 00900	Multi-Family with 5+ Units	2040s	0.983328	0.000000	0.016672	0.000000	0.000000	0.000000	South
AR, 00900	Single-Family Attached	2040s	0.820500	0.000000	0.117071	0.036322	0.026107	0.000000	South
AR, 00900	Single-Family Detached	2040s	0.733653	0.000000	0.239656	0.004848	0.006611	0.015231	South
AR, 01000	Mobile Home	2040s	0.929620	0.000000	0.022567	0.000000	0.024440	0.023373	South
AR, 01000	Multi-Family with 2 - 4 Units	2040s	0.938852	0.000000	0.055304	0.003262	0.000000	0.002583	South
AR, 01000	Multi-Family with 5+ Units	2040s	0.978083	0.000000	0.021917	0.000000	0.000000	0.000000	South
AR, 01000	Single-Family Attached	2040s	0.820500	0.000000	0.117071	0.036322	0.026107	0.000000	South
AR, 01000	Single-Family Detached	2040s	0.663204	0.000000	0.336796	0.000000	0.000000	0.000000	South
AR, 01100	Mobile Home	2040s	0.927700	0.000000	0.022438	0.000000	0.049861	0.000000	South
AR, 01100	Multi-Family with 2 - 4 Units	2040s	0.947851	0.000000	0.052149	0.000000	0.000000	0.000000	South
AR, 01100	Multi-Family with 5+ Units	2040s	0.972341	0.000000	0.027659	0.000000	0.000000	0.000000	South
AR, 01100	Single-Family Attached	2040s	0.820500	0.000000	0.117071	0.036322	0.026107	0.000000	South
AR, 01100	Single-Family Detached	2040s	0.838784	0.000000	0.144561	0.000000	0.007664	0.008990	South
AR, 01200	Mobile Home	2040s	0.914961	0.000000	0.053150	0.000000	0.000000	0.031890	South
AR, 01200	Multi-Family with 2 - 4 Units	2040s	0.938852	0.000000	0.055304	0.003262	0.000000	0.002583	South
AR, 01200	Multi-Family with 5+ Units	2040s	0.980729	0.000000	0.014880	0.003242	0.000000	0.001149	South
AR, 01200	Single-Family Attached	2040s	0.820500	0.000000	0.117071	0.036322	0.026107	0.000000	South
AR, 01200	Single-Family Detached	2040s	0.878083	0.000000	0.098866	0.000000	0.009619	0.013433	South
AR, 01300	Mobile Home	2040s	0.881661	0.000000	0.000000	0.000000	0.083039	0.035300	South
AR, 01300	Multi-Family with 2 - 4 Units	2040s	0.938852	0.000000	0.055304	0.003262	0.000000	0.002583	South
AR, 01300	Multi-Family with 5+ Units	2040s	0.980729	0.000000	0.014880	0.003242	0.000000	0.001149	South
AR, 01300	Single-Family Attached	2040s	0.820500	0.000000	0.117071	0.036322	0.026107	0.000000	South
AR, 01300	Single-Family Detached	2040s	0.928002	0.000000	0.032936	0.000000	0.027480	0.011582	South
AR, 01400	Mobile Home	2040s	0.929620	0.000000	0.022567	0.000000	0.024440	0.023373	South
AR, 01400	Multi-Family with 2 - 4 Units	2040s	0.938852	0.000000	0.055304	0.003262	0.000000	0.002583	South
AR, 01400	Multi-Family with 5+ Units	2040s	1.000000	0.000000	0.000000	0.000000	0.000000	0.000000	South
AR, 01400	Single-Family Attached	2040s	0.820500	0.000000	0.117071	0.036322	0.026107	0.000000	South
AR, 01400	Single-Family Detached	2040s	0.771636	0.000000	0.159395	0.030274	0.020814	0.017881	South
AR, 01500	Mobile Home	2040s	0.936601	0.000000	0.000000	0.000000	0.007905	0.055494	South
AR, 01500	Multi-Family with 2 - 4 Units	2040s	0.938852	0.000000	0.055304	0.003262	0.000000	0.002583	South
AR, 01500	Multi-Family with 5+ Units	2040s	0.980729	0.000000	0.014880	0.003242	0.000000	0.001149	South
AR, 01500	Single-Family Attached	2040s	0.820500	0.000000	0.117071	0.036322	0.026107	0.000000	South
AR, 01500	Single-Family Detached	2040s	0.803051	0.000000	0.013600	0.000000	0.148148	0.035200	South
AR, 01600	Mobile Home	2040s	1.000000	0.000000	0.000000	0.000000	0.000000	0.000000	South
AR, 01600	Multi-Family with 2 - 4 Units	2040s	0.938852	0.000000	0.055304	0.003262	0.000000	0.002583	South
AR, 01600	Multi-Family with 5+ Units	2040s	1.000000	0.000000	0.000000	0.000000	0.000000	0.000000	South
AR, 01600	Single-Family Attached	2040s	0.820500	0.000000	0.117071	0.036322	0.026107	0.000000	South
AR, 01600	Single-Family Detached	2040s	0.859529	0.000000	0.060146	0.034959	0.014634	0.030732	South
AR, 01700	Mobile Home	2040s	0.960625	0.000000	0.005625	0.000000	0.000000	0.033750	South
AR, 01700	Multi-Family with 2 - 4 Units	2040s	0.938852	0.000000	0.055304	0.003262	0.000000	0.002583	South
AR, 01700	Multi-Family with 5+ Units	2040s	1.000000	0.000000	0.000000	0.000000	0.000000	0.000000	South
AR, 01700	Single-Family Attached	2040s	0.820500	0.000000	0.117071	0.036322	0.026107	0.000000	South
AR, 01700	Single-Family Detached	2040s	0.744340	0.000000	0.127358	0.000000	0.077358	0.050944	South
AR, 01800	Mobile Home	2040s	0.945476	0.000000	0.041942	0.000000	0.000000	0.012583	South
AR, 01800	Multi-Family with 2 - 4 Units	2040s	0.938852	0.000000	0.055304	0.003262	0.000000	0.002583	South
AR, 01800	Multi-Family with 5+ Units	2040s	0.980729	0.000000	0.014880	0.003242	0.000000	0.001149	South
AR, 01800	Single-Family Attached	2040s	0.820500	0.000000	0.117071	0.036322	0.026107	0.000000	South
AR, 01800	Single-Family Detached	2040s	0.757931	0.000000	0.203793	0.000000	0.000000	0.038276	South
AR, 01900	Mobile Home	2040s	0.965086	0.000000	0.034914	0.000000	0.000000	0.000000	South
AR, 01900	Multi-Family with 2 - 4 Units	2040s	0.938852	0.000000	0.055304	0.003262	0.000000	0.002583	South
AR, 01900	Multi-Family with 5+ Units	2040s	0.980729	0.000000	0.014880	0.003242	0.000000	0.001149	South
AR, 01900	Single-Family Attached	2040s	0.820500	0.000000	0.117071	0.036322	0.026107	0.000000	South
AR, 01900	Single-Family Detached	2040s	0.777897	0.000000	0.084724	0.000000	0.098276	0.039104	South
AR, 02000	Mobile Home	2040s	0.746441	0.000000	0.056746	0.000000	0.033898	0.162915	South
AR, 02000	Multi-Family with 2 - 4 Units	2040s	0.938852	0.000000	0.055304	0.003262	0.000000	0.002583	South
AR, 02000	Multi-Family with 5+ Units	2040s	1.000000	0.000000	0.000000	0.000000	0.000000	0.000000	South
AR, 02000	Single-Family Attached	2040s	0.820500	0.000000	0.117071	0.036322	0.026107	0.000000	South
AR, 02000	Single-Family Detached	2040s	0.870153	0.000000	0.129847	0.000000	0.000000	0.000000	South
AZ, 00100	Mobile Home	2040s	0.670191	0.000000	0.088804	0.025805	0.042826	0.172373	West
AZ, 00100	Multi-Family with 2 - 4 Units	2040s	0.903822	0.000000	0.083363	0.000000	0.011307	0.001506	West
AZ, 00100	Multi-Family with 5+ Units	2040s	0.956443	0.000000	0.043557	0.000000	0.000000	0.000000	West
AZ, 00100	Single-Family Attached	2040s	0.686557	0.000000	0.256598	0.012398	0.023247	0.021199	West
AZ, 00100	Single-Family Detached	2040s	0.620398	0.000000	0.376086	0.000000	0.000000	0.003515	West
AZ, 00101	Mobile Home	2040s	0.767700	0.000000	0.078742	0.040541	0.091892	0.021126	West
AZ, 00101	Multi-Family with 2 - 4 Units	2040s	0.903822	0.000000	0.083363	0.000000	0.011307	0.001506	West
AZ, 00101	Multi-Family with 5+ Units	2040s	0.949501	0.000000	0.000000	0.000000	0.000000	0.050499	West
AZ, 00101	Single-Family Attached	2040s	0.602657	0.000000	0.277828	0.071429	0.000000	0.048086	West
AZ, 00101	Single-Family Detached	2040s	0.646963	0.000000	0.353037	0.000000	0.000000	0.000000	West
AZ, 00102	Mobile Home	2040s	0.670191	0.000000	0.088804	0.025805	0.042826	0.172373	West
AZ, 00102	Multi-Family with 2 - 4 Units	2040s	0.903822	0.000000	0.083363	0.000000	0.011307	0.001506	West
AZ, 00102	Multi-Family with 5+ Units	2040s	1.000000	0.000000	0.000000	0.000000	0.000000	0.000000	West
AZ, 00102	Single-Family Attached	2040s	0.686557	0.000000	0.256598	0.012398	0.023247	0.021199	West
AZ, 00102	Single-Family Detached	2040s	0.771874	0.000000	0.200594	0.000000	0.000000	0.027532	West
AZ, 00103	Mobile Home	2040s	0.670191	0.000000	0.088804	0.025805	0.042826	0.172373	West
AZ, 00103	Multi-Family with 2 - 4 Units	2040s	0.903822	0.000000	0.083363	0.000000	0.011307	0.001506	West
AZ, 00103	Multi-Family with 5+ Units	2040s	1.000000	0.000000	0.000000	0.000000	0.000000	0.000000	West
AZ, 00103	Single-Family Attached	2040s	0.686557	0.000000	0.256598	0.012398	0.023247	0.021199	West
AZ, 00103	Single-Family Detached	2040s	0.604488	0.000000	0.352513	0.005707	0.026974	0.010317	West
AZ, 00104	Mobile Home	2040s	0.646021	0.000000	0.103023	0.000000	0.000000	0.250955	West
AZ, 00104	Multi-Family with 2 - 4 Units	2040s	0.903822	0.000000	0.083363	0.000000	0.011307	0.001506	West
AZ, 00104	Multi-Family with 5+ Units	2040s	0.907844	0.000000	0.070811	0.014881	0.002133	0.004331	West
AZ, 00104	Single-Family Attached	2040s	0.686557	0.000000	0.256598	0.012398	0.023247	0.021199	West
AZ, 00104	Single-Family Detached	2040s	0.604488	0.000000	0.352513	0.005707	0.026974	0.010317	West
AZ, 00105	Mobile Home	2040s	0.670191	0.000000	0.088804	0.025805	0.042826	0.172373	West
AZ, 00105	Multi-Family with 2 - 4 Units	2040s	0.903822	0.000000	0.083363	0.000000	0.011307	0.001506	West
AZ, 00105	Multi-Family with 5+ Units	2040s	0.883562	0.000000	0.015879	0.100559	0.000000	0.000000	West
AZ, 00105	Single-Family Attached	2040s	0.686557	0.000000	0.256598	0.012398	0.023247	0.021199	West
AZ, 00105	Single-Family Detached	2040s	0.634265	0.000000	0.355300	0.000000	0.000000	0.010435	West
AZ, 00106	Mobile Home	2040s	0.670191	0.000000	0.088804	0.025805	0.042826	0.172373	West
AZ, 00106	Multi-Family with 2 - 4 Units	2040s	0.903822	0.000000	0.083363	0.000000	0.011307	0.001506	West
AZ, 00106	Multi-Family with 5+ Units	2040s	0.973682	0.000000	0.026318	0.000000	0.000000	0.000000	West
AZ, 00106	Single-Family Attached	2040s	0.686557	0.000000	0.256598	0.012398	0.023247	0.021199	West
AZ, 00106	Single-Family Detached	2040s	0.836192	0.000000	0.112337	0.000000	0.051471	0.000000	West
AZ, 00107	Mobile Home	2040s	0.670191	0.000000	0.088804	0.025805	0.042826	0.172373	West
AZ, 00107	Multi-Family with 2 - 4 Units	2040s	0.903822	0.000000	0.083363	0.000000	0.011307	0.001506	West
AZ, 00107	Multi-Family with 5+ Units	2040s	0.980033	0.000000	0.019967	0.000000	0.000000	0.000000	West
AZ, 00107	Single-Family Attached	2040s	0.686557	0.000000	0.256598	0.012398	0.023247	0.021199	West
AZ, 00107	Single-Family Detached	2040s	0.496817	0.000000	0.503183	0.000000	0.000000	0.000000	West
AZ, 00108	Mobile Home	2040s	0.670191	0.000000	0.088804	0.025805	0.042826	0.172373	West
AZ, 00108	Multi-Family with 2 - 4 Units	2040s	0.903822	0.000000	0.083363	0.000000	0.011307	0.001506	West
AZ, 00108	Multi-Family with 5+ Units	2040s	0.974255	0.000000	0.009745	0.016000	0.000000	0.000000	West
AZ, 00108	Single-Family Attached	2040s	0.686557	0.000000	0.256598	0.012398	0.023247	0.021199	West
AZ, 00108	Single-Family Detached	2040s	0.846817	0.000000	0.153183	0.000000	0.000000	0.000000	West
AZ, 00109	Mobile Home	2040s	0.670191	0.000000	0.088804	0.025805	0.042826	0.172373	West
AZ, 00109	Multi-Family with 2 - 4 Units	2040s	0.903822	0.000000	0.083363	0.000000	0.011307	0.001506	West
AZ, 00109	Multi-Family with 5+ Units	2040s	0.959545	0.000000	0.032009	0.008446	0.000000	0.000000	West
AZ, 00109	Single-Family Attached	2040s	0.686557	0.000000	0.256598	0.012398	0.023247	0.021199	West
AZ, 00109	Single-Family Detached	2040s	0.604488	0.000000	0.352513	0.005707	0.026974	0.010317	West
AZ, 00110	Mobile Home	2040s	0.670191	0.000000	0.088804	0.025805	0.042826	0.172373	West
AZ, 00110	Multi-Family with 2 - 4 Units	2040s	0.903822	0.000000	0.083363	0.000000	0.011307	0.001506	West
AZ, 00110	Multi-Family with 5+ Units	2040s	0.915993	0.000000	0.043098	0.019495	0.013718	0.007696	West
AZ, 00110	Single-Family Attached	2040s	0.686557	0.000000	0.256598	0.012398	0.023247	0.021199	West
AZ, 00110	Single-Family Detached	2040s	0.768351	0.000000	0.231649	0.000000	0.000000	0.000000	West
AZ, 00111	Mobile Home	2040s	0.670191	0.000000	0.088804	0.025805	0.042826	0.172373	West
AZ, 00111	Multi-Family with 2 - 4 Units	2040s	0.903822	0.000000	0.083363	0.000000	0.011307	0.001506	West
AZ, 00111	Multi-Family with 5+ Units	2040s	0.907844	0.000000	0.070811	0.014881	0.002133	0.004331	West
AZ, 00111	Single-Family Attached	2040s	0.686557	0.000000	0.256598	0.012398	0.023247	0.021199	West
AZ, 00111	Single-Family Detached	2040s	0.517347	0.000000	0.382767	0.000000	0.057357	0.042529	West
AZ, 00112	Mobile Home	2040s	0.670191	0.000000	0.088804	0.025805	0.042826	0.172373	West
AZ, 00112	Multi-Family with 2 - 4 Units	2040s	0.903822	0.000000	0.083363	0.000000	0.011307	0.001506	West
AZ, 00112	Multi-Family with 5+ Units	2040s	0.796708	0.000000	0.203292	0.000000	0.000000	0.000000	West
AZ, 00112	Single-Family Attached	2040s	0.686557	0.000000	0.256598	0.012398	0.023247	0.021199	West
AZ, 00112	Single-Family Detached	2040s	0.540363	0.000000	0.430161	0.000000	0.029476	0.000000	West
AZ, 00113	Mobile Home	2040s	0.670191	0.000000	0.088804	0.025805	0.042826	0.172373	West
AZ, 00113	Multi-Family with 2 - 4 Units	2040s	0.903822	0.000000	0.083363	0.000000	0.011307	0.001506	West
AZ, 00113	Multi-Family with 5+ Units	2040s	0.907844	0.000000	0.070811	0.014881	0.002133	0.004331	West
AZ, 00113	Single-Family Attached	2040s	0.686557	0.000000	0.256598	0.012398	0.023247	0.021199	West
AZ, 00113	Single-Family Detached	2040s	0.564788	0.000000	0.435212	0.000000	0.000000	0.000000	West
AZ, 00114	Mobile Home	2040s	0.670191	0.000000	0.088804	0.025805	0.042826	0.172373	West
AZ, 00114	Multi-Family with 2 - 4 Units	2040s	0.903822	0.000000	0.083363	0.000000	0.011307	0.001506	West
AZ, 00114	Multi-Family with 5+ Units	2040s	0.907844	0.000000	0.070811	0.014881	0.002133	0.004331	West
AZ, 00114	Single-Family Attached	2040s	0.686557	0.000000	0.256598	0.012398	0.023247	0.021199	West
AZ, 00114	Single-Family Detached	2040s	0.879226	0.000000	0.120774	0.000000	0.000000	0.000000	West
AZ, 00115	Mobile Home	2040s	0.670191	0.000000	0.088804	0.025805	0.042826	0.172373	West
AZ, 00115	Multi-Family with 2 - 4 Units	2040s	0.903822	0.000000	0.083363	0.000000	0.011307	0.001506	West
AZ, 00115	Multi-Family with 5+ Units	2040s	1.000000	0.000000	0.000000	0.000000	0.000000	0.000000	West
AZ, 00115	Single-Family Attached	2040s	0.686557	0.000000	0.256598	0.012398	0.023247	0.021199	West
AZ, 00115	Single-Family Detached	2040s	0.604488	0.000000	0.352513	0.005707	0.026974	0.010317	West
AZ, 00116	Mobile Home	2040s	0.670191	0.000000	0.088804	0.025805	0.042826	0.172373	West
AZ, 00116	Multi-Family with 2 - 4 Units	2040s	0.903822	0.000000	0.083363	0.000000	0.011307	0.001506	West
AZ, 00116	Multi-Family with 5+ Units	2040s	0.771963	0.000000	0.130019	0.085145	0.000000	0.012873	West
AZ, 00116	Single-Family Attached	2040s	0.686557	0.000000	0.256598	0.012398	0.023247	0.021199	West
AZ, 00116	Single-Family Detached	2040s	0.670607	0.000000	0.329393	0.000000	0.000000	0.000000	West
AZ, 00117	Mobile Home	2040s	0.670191	0.000000	0.088804	0.025805	0.042826	0.172373	West
AZ, 00117	Multi-Family with 2 - 4 Units	2040s	0.903822	0.000000	0.083363	0.000000	0.011307	0.001506	West
AZ, 00117	Multi-Family with 5+ Units	2040s	0.824386	0.000000	0.108590	0.067024	0.000000	0.000000	West
AZ, 00117	Single-Family Attached	2040s	0.686557	0.000000	0.256598	0.012398	0.023247	0.021199	West
AZ, 00117	Single-Family Detached	2040s	0.768089	0.000000	0.231911	0.000000	0.000000	0.000000	West
AZ, 00118	Mobile Home	2040s	0.670191	0.000000	0.088804	0.025805	0.042826	0.172373	West
AZ, 00118	Multi-Family with 2 - 4 Units	2040s	0.903822	0.000000	0.083363	0.000000	0.011307	0.001506	West
AZ, 00118	Multi-Family with 5+ Units	2040s	0.890797	0.000000	0.074145	0.035058	0.000000	0.000000	West
AZ, 00118	Single-Family Attached	2040s	0.686557	0.000000	0.256598	0.012398	0.023247	0.021199	West
AZ, 00118	Single-Family Detached	2040s	0.604488	0.000000	0.352513	0.005707	0.026974	0.010317	West
AZ, 00119	Mobile Home	2040s	0.670191	0.000000	0.088804	0.025805	0.042826	0.172373	West
AZ, 00119	Multi-Family with 2 - 4 Units	2040s	0.903822	0.000000	0.083363	0.000000	0.011307	0.001506	West
AZ, 00119	Multi-Family with 5+ Units	2040s	0.958422	0.000000	0.041578	0.000000	0.000000	0.000000	West
AZ, 00119	Single-Family Attached	2040s	0.686557	0.000000	0.256598	0.012398	0.023247	0.021199	West
AZ, 00119	Single-Family Detached	2040s	0.792728	0.000000	0.187372	0.000000	0.019900	0.000000	West
AZ, 00120	Mobile Home	2040s	0.670191	0.000000	0.088804	0.025805	0.042826	0.172373	West
AZ, 00120	Multi-Family with 2 - 4 Units	2040s	0.903822	0.000000	0.083363	0.000000	0.011307	0.001506	West
AZ, 00120	Multi-Family with 5+ Units	2040s	1.000000	0.000000	0.000000	0.000000	0.000000	0.000000	West
AZ, 00120	Single-Family Attached	2040s	0.686557	0.000000	0.256598	0.012398	0.023247	0.021199	West
AZ, 00120	Single-Family Detached	2040s	0.573973	0.000000	0.426027	0.000000	0.000000	0.000000	West
AZ, 00121	Mobile Home	2040s	0.670191	0.000000	0.088804	0.025805	0.042826	0.172373	West
AZ, 00121	Multi-Family with 2 - 4 Units	2040s	0.903822	0.000000	0.083363	0.000000	0.011307	0.001506	West
AZ, 00121	Multi-Family with 5+ Units	2040s	0.907844	0.000000	0.070811	0.014881	0.002133	0.004331	West
AZ, 00121	Single-Family Attached	2040s	0.686557	0.000000	0.256598	0.012398	0.023247	0.021199	West
AZ, 00121	Single-Family Detached	2040s	0.770535	0.000000	0.170576	0.004487	0.054403	0.000000	West
AZ, 00122	Mobile Home	2040s	0.670191	0.000000	0.088804	0.025805	0.042826	0.172373	West
AZ, 00122	Multi-Family with 2 - 4 Units	2040s	0.903822	0.000000	0.083363	0.000000	0.011307	0.001506	West
AZ, 00122	Multi-Family with 5+ Units	2040s	0.907844	0.000000	0.070811	0.014881	0.002133	0.004331	West
AZ, 00122	Single-Family Attached	2040s	0.686557	0.000000	0.256598	0.012398	0.023247	0.021199	West
AZ, 00122	Single-Family Detached	2040s	0.604488	0.000000	0.352513	0.005707	0.026974	0.010317	West
AZ, 00123	Mobile Home	2040s	0.670191	0.000000	0.088804	0.025805	0.042826	0.172373	West
AZ, 00123	Multi-Family with 2 - 4 Units	2040s	0.903822	0.000000	0.083363	0.000000	0.011307	0.001506	West
AZ, 00123	Multi-Family with 5+ Units	2040s	0.907844	0.000000	0.070811	0.014881	0.002133	0.004331	West
AZ, 00123	Single-Family Attached	2040s	0.686557	0.000000	0.256598	0.012398	0.023247	0.021199	West
AZ, 00123	Single-Family Detached	2040s	0.922078	0.000000	0.000000	0.077922	0.000000	0.000000	West
AZ, 00124	Mobile Home	2040s	0.670191	0.000000	0.088804	0.025805	0.042826	0.172373	West
AZ, 00124	Multi-Family with 2 - 4 Units	2040s	0.903822	0.000000	0.083363	0.000000	0.011307	0.001506	West
AZ, 00124	Multi-Family with 5+ Units	2040s	0.925669	0.000000	0.074331	0.000000	0.000000	0.000000	West
AZ, 00124	Single-Family Attached	2040s	0.686557	0.000000	0.256598	0.012398	0.023247	0.021199	West
AZ, 00124	Single-Family Detached	2040s	0.828695	0.000000	0.171305	0.000000	0.000000	0.000000	West
AZ, 00125	Mobile Home	2040s	0.670191	0.000000	0.088804	0.025805	0.042826	0.172373	West
AZ, 00125	Multi-Family with 2 - 4 Units	2040s	0.903822	0.000000	0.083363	0.000000	0.011307	0.001506	West
AZ, 00125	Multi-Family with 5+ Units	2040s	0.907844	0.000000	0.070811	0.014881	0.002133	0.004331	West
AZ, 00125	Single-Family Attached	2040s	0.686557	0.000000	0.256598	0.012398	0.023247	0.021199	West
AZ, 00125	Single-Family Detached	2040s	0.604488	0.000000	0.352513	0.005707	0.026974	0.010317	West
AZ, 00126	Mobile Home	2040s	0.670191	0.000000	0.088804	0.025805	0.042826	0.172373	West
AZ, 00126	Multi-Family with 2 - 4 Units	2040s	0.903822	0.000000	0.083363	0.000000	0.011307	0.001506	West
AZ, 00126	Multi-Family with 5+ Units	2040s	0.890386	0.000000	0.109614	0.000000	0.000000	0.000000	West
